0	0	0	0	0	0	0	0	0	0	0	0	0	0	0	0	0	0	0	0	0	0	0	0	0	0	0	0	0	0	0	0	0	0	0	0	0	0	0	0	0	0	0	0	0	0	0	0	0	0	0	0	0	0	0	2.00e-02	4.00e-02	0.17	1.00e-02	0.34	0.49	0.39	0.36	0.51	0.82	1.28	1.747	2.085	2.246	2.373	2.521	2.655	2.783	2.868	2.907	2.938	2.938	2.94	3.007	3.197	3.407	3.495	3.459	3.361	3.279	3.203	3.123	2.691	2.235	2.823	6.01	6.824	6.916	6.907	6.985	7.108	6.907	6.256	5.814	5.828	5.731	4.784	2.813	2.183	2.154	1.979	1.81	1.777	1.832	1.83	1.782	1.726	1.664	1.578	1.466	1.324	1.155	1.004	0.901	0.81	0.7	0.51	0.17	0	0	0
0	0	0	0	0	0	0	0	0	0	0	0	0	0	0	0	0	0	0	0	0	0	0	0	0	0	0	0	0	0	0	0	0	0	0	0	0	0	0	0	0	0	0	0	0	0	0	0	0	0	0	0	0	0	0	1.00e-02	4.00e-02	0.16	0	0.27	0.48	0.45	0.47	0.57	0.987	1.491	1.932	2.189	2.29	2.42	2.563	2.688	2.798	2.861	2.897	2.926	2.922	2.933	3.03	3.225	3.414	3.467	3.418	3.328	3.251	3.177	3.07	2.602	2.233	3.083	6.019	6.747	6.829	6.841	6.937	7.07	6.885	6.296	5.901	5.915	5.822	4.941	2.785	2.131	2.11	1.945	1.78	1.763	1.811	1.794	1.739	1.681	1.613	1.516	1.391	1.232	1.063	0.931	0.83	0.73	0.59	0.31	0	0	0	0
0	0	0	0	0	0	0	0	0	0	0	0	0	0	0	0	0	0	0	0	0	0	0	0	0	0	0	0	0	0	0	0	0	0	0	0	0	0	0	0	0	0	0	0	0	0	0	0	0	0	0	0	0	0	0	0	0	0	0	6.00e-02	0.41	0.38	0.39	0.69	1.189	1.71	2.088	2.267	2.341	2.472	2.598	2.707	2.803	2.851	2.882	2.914	2.906	2.933	3.06	3.249	3.415	3.435	3.378	3.293	3.221	3.152	3.024	2.525	2.216	3.255	6.177	6.658	6.747	6.775	6.888	7.033	6.869	6.344	5.995	6.001	5.922	5.056	2.848	2.08	2.068	1.902	1.756	1.748	1.784	1.755	1.695	1.635	1.556	1.448	1.308	1.136	0.974	0.856	0.75	0.63	0.44	7.00e-02	0	0	0	0
0	0	0	0	0	0	0	0	0	0	0	0	0	0	0	0	0	0	0	0	0	0	0	0	0	0	0	0	0	0	0	0	0	0	0	0	0	0	0	0	0	0	0	0	0	0	0	0	0	0	0	0	0	0	0	0	0	0	0	5.00e-02	0.29	0.37	0.46	0.871	1.415	1.921	2.205	2.312	2.388	2.512	2.623	2.725	2.799	2.841	2.873	2.902	2.894	2.94	3.086	3.267	3.408	3.4	3.337	3.261	3.197	3.13	2.972	2.48	2.265	3.497	6.131	6.581	6.663	6.714	6.843	6.993	6.85	6.394	6.088	6.087	6.019	5.197	2.882	2.034	2.031	1.864	1.73	1.731	1.755	1.714	1.651	1.586	1.495	1.373	1.216	1.038	0.893	0.78	0.67	0.51	0.2	0	0	0	0	0
0	0	0	0	0	0	0	0	0	0	0	0	0	0	0	0	0	0	0	0	0	0	0	0	0	0	0	0	0	0	0	0	0	0	0	0	0	0	0	0	0	0	0	0	0	0	0	0	0	0	0	0	0	0	0	0	0	0	0	4.00e-02	0.12	0.34	0.57	1.09	1.649	2.106	2.282	2.351	2.433	2.542	2.641	2.731	2.791	2.825	2.864	2.884	2.886	2.952	3.108	3.279	3.384	3.364	3.305	3.232	3.172	3.107	2.914	2.429	2.288	3.698	6.127	6.494	6.584	6.653	6.797	6.958	6.839	6.442	6.177	6.17	6.111	5.347	2.921	1.982	1.99	1.825	1.706	1.714	1.724	1.671	1.606	1.532	1.429	1.292	1.118	0.943	0.81	0.7	0.57	0.32	0	0	0	0	0	0
0	0	0	0	0	0	0	0	0	0	0	0	0	0	0	0	0	0	0	0	0	0	0	0	0	0	0	0	0	0	0	0	0	0	0	0	0	0	0	0	0	0	0	0	0	0	0	0	0	0	0	0	0	0	0	0	0	0	0	4.00e-02	0.11	0.39	0.75	1.324	1.877	2.233	2.333	2.389	2.471	2.566	2.653	2.732	2.782	2.817	2.855	2.861	2.884	2.972	3.129	3.285	3.358	3.329	3.258	3.203	3.149	3.087	2.846	2.403	2.365	3.958	6.097	6.417	6.509	6.598	6.756	6.92	6.824	6.496	6.268	6.253	6.202	5.416	3.005	1.941	1.941	1.785	1.684	1.695	1.688	1.627	1.559	1.473	1.356	1.201	1.016	0.854	0.73	0.61	0.43	9.00e-02	0	0	0	0	0	0
0	0	0	0	0	0	0	0	0	0	0	0	0	0	0	0	0	0	0	0	0	0	0	0	0	0	0	0	0	0	0	0	0	0	0	0	0	0	0	0	0	0	0	0	0	0	0	0	0	0	0	0	0	0	0	0	0	0	0	0	0.13	0.45	0.969	1.582	2.077	2.32	2.352	2.404	2.499	2.58	2.663	2.728	2.771	2.809	2.844	2.849	2.884	2.986	3.144	3.281	3.326	3.295	3.233	3.176	3.124	3.065	2.798	2.375	2.394	4.166	6.045	6.327	6.429	6.535	6.705	6.886	6.823	6.555	6.367	6.345	6.305	5.697	3.085	1.87	1.916	1.752	1.657	1.672	1.646	1.577	1.505	1.405	1.269	1.094	0.907	0.76	0.63	0.48	0.2	0	0	0	0	0	0	0
0	0	0	0	0	0	0	0	0	0	0	0	0	0	0	0	0	0	0	0	0	0	0	0	0	0	0	0	0	0	0	0	0	0	0	0	0	0	0	0	0	0	0	0	0	0	0	0	0	0	0	0	0	0	0	0	0	0	0	1.00e-02	0.19	0.62	1.216	1.832	2.24	2.378	2.376	2.439	2.516	2.59	2.665	2.718	2.759	2.797	2.826	2.836	2.887	3.001	3.153	3.269	3.291	3.257	3.2	3.154	3.102	3.048	2.738	2.326	2.455	4.291	5.958	6.223	6.341	6.465	6.648	6.839	6.82	6.629	6.481	6.445	6.421	5.864	3.335	1.834	1.861	1.713	1.634	1.641	1.598	1.523	1.443	1.325	1.169	0.974	0.8	0.66	0.52	0.29	0	0	0	0	0	0	0	0
0	0	0	0	0	0	0	0	0	0	0	0	0	0	0	0	0	0	0	0	0	0	0	0	0	0	0	0	0	0	0	0	0	0	0	0	0	0	0	0	0	0	0	0	0	0	0	0	0	0	0	0	0	0	0	0	0	0	0	0	0.29	0.838	1.495	2.062	2.341	2.396	2.392	2.462	2.529	2.593	2.66	2.707	2.744	2.786	2.815	2.829	2.894	3.009	3.153	3.249	3.259	3.218	3.172	3.129	3.081	3.029	2.692	2.339	2.513	4.399	5.86	6.123	6.253	6.394	6.591	6.796	6.818	6.698	6.595	6.542	6.533	6.104	3.571	1.788	1.827	1.677	1.609	1.607	1.545	1.466	1.374	1.234	1.054	0.852	0.69	0.55	0.35	1.00e-02	0	0	0	0	0	0	0	0
0	0	0	0	0	0	0	0	0	0	0	0	0	0	0	0	0	0	0	0	0	0	0	0	0	0	0	0	0	0	0	0	0	0	0	0	0	0	0	0	0	0	0	0	0	0	0	0	0	0	0	0	0	0	0	0	0	0	0	4.00e-02	0.46	1.106	1.763	2.247	2.39	2.346	2.415	2.477	2.528	2.592	2.651	2.689	2.733	2.776	2.8	2.825	2.9	3.025	3.151	3.224	3.227	3.184	3.145	3.105	3.06	3.009	2.665	2.331	2.607	4.46	5.767	6.025	6.169	6.327	6.534	6.75	6.812	6.766	6.707	6.645	6.64	6.268	3.876	1.786	1.773	1.644	1.584	1.566	1.492	1.405	1.294	1.131	0.926	0.74	0.58	0.4	0.11	0	0	0	0	0	0	0	0	0
0	0	0	0	0	0	0	0	0	0	0	0	0	0	0	0	0	0	0	0	0	0	0	0	0	0	0	0	0	0	0	0	0	0	0	0	0	0	0	0	0	0	0	0	0	0	0	0	0	0	0	0	0	0	0	0	0	0	0	0.16	0.69	1.378	2.02	2.373	2.404	2.378	2.435	2.487	2.532	2.588	2.639	2.679	2.723	2.765	2.785	2.822	2.908	3.028	3.143	3.197	3.192	3.149	3.119	3.082	3.039	2.985	2.628	2.345	2.644	4.519	5.668	5.925	6.083	6.259	6.475	6.706	6.806	6.827	6.82	6.744	6.742	6.451	4.178	1.772	1.735	1.611	1.556	1.522	1.434	1.339	1.204	1.013	0.8	0.61	0.44	0.2	0	0	0	0	0	0	0	0	0	0
0	0	0	0	0	0	0	0	0	0	0	0	0	0	0	0	0	0	0	0	0	0	0	0	0	0	0	0	0	0	0	0	0	0	0	0	0	0	0	0	0	0	0	0	0	0	0	0	0	0	0	0	0	0	0	0	0	0	0	0.32	0.957	1.677	2.235	2.446	2.418	2.403	2.448	2.485	2.529	2.581	2.626	2.667	2.713	2.755	2.777	2.823	2.913	3.029	3.129	3.166	3.158	3.124	3.094	3.06	3.02	2.944	2.596	2.366	2.773	4.541	5.575	5.83	6.002	6.192	6.42	6.66	6.797	6.888	6.931	6.85	6.845	6.607	4.515	1.792	1.685	1.578	1.525	1.471	1.376	1.262	1.101	0.879	0.66	0.48	0.26	0	0	0	0	0	0	0	0	0	0	0
0	0	0	0	0	0	0	0	0	0	0	0	0	0	0	0	0	0	0	0	0	0	0	0	0	0	0	0	0	0	0	0	0	0	0	0	0	0	0	0	0	0	0	0	0	0	0	0	0	0	0	0	0	0	0	0	0	0	0	0.55	1.257	1.953	2.4	2.49	2.382	2.42	2.455	2.482	2.524	2.572	2.612	2.657	2.704	2.737	2.772	2.826	2.921	3.025	3.111	3.135	3.123	3.098	3.07	3.039	3.001	2.902	2.581	2.399	2.867	4.57	5.484	5.735	5.922	6.126	6.365	6.617	6.789	6.946	7.04	6.953	6.942	6.756	4.859	1.834	1.641	1.544	1.491	1.417	1.31	1.174	0.979	0.74	0.53	0.32	1.00e-02	0	0	0	0	0	0	0	0	0	0	0
0	0	0	0	0	0	0	0	0	0	0	0	0	0	0	0	0	0	0	0	0	0	0	0	0	0	0	0	0	0	0	0	0	0	0	0	0	0	0	0	0	0	0	0	0	0	0	0	0	0	0	0	0	0	0	0	0	0	0.16	0.8	1.541	2.189	2.491	2.491	2.4	2.428	2.451	2.476	2.515	2.559	2.601	2.647	2.695	2.728	2.767	2.829	2.92	3.016	3.09	3.106	3.094	3.072	3.048	3.02	2.984	2.862	2.557	2.426	2.953	4.539	5.39	5.645	5.845	6.061	6.311	6.573	6.776	6.994	7.139	7.055	7.034	6.879	5.192	1.946	1.593	1.513	1.453	1.362	1.245	1.079	0.851	0.61	0.39	0.11	0	0	0	0	0	0	0	0	0	0	0	0
0	0	0	0	0	0	0	0	0	0	0	0	0	0	0	0	0	0	0	0	0	0	0	0	0	0	0	0	0	0	0	0	0	0	0	0	0	0	0	0	0	0	0	0	0	0	0	0	0	0	0	0	0	0	0	0	0	0	0.35	1.051	1.818	2.36	2.534	2.422	2.411	2.431	2.445	2.467	2.503	2.547	2.59	2.637	2.684	2.72	2.764	2.83	2.917	3.004	3.065	3.077	3.071	3.051	3.029	3.004	2.97	2.838	2.563	2.442	2.974	4.47	5.29	5.553	5.767	5.996	6.252	6.526	6.756	7.027	7.234	7.151	7.111	7.015	5.61	2.046	1.556	1.494	1.418	1.312	1.181	0.983	0.73	0.48	0.23	0	0	0	0	0	0	0	0	0	0	0	0	0
0	0	0	0	0	0	0	0	0	0	0	0	0	0	0	0	0	0	0	0	0	0	0	0	0	0	0	0	0	0	0	0	0	0	0	0	0	0	0	0	0	0	0	0	0	0	0	0	0	0	0	0	0	0	0	0	0	0	0.57	1.323	2.067	2.491	2.525	2.41	2.418	2.428	2.439	2.455	2.491	2.534	2.578	2.627	2.674	2.71	2.761	2.827	2.91	2.987	3.039	3.053	3.038	3.031	3.011	2.988	2.957	2.818	2.55	2.467	3.009	4.394	5.19	5.464	5.691	5.93	6.194	6.476	6.733	7.055	7.316	7.25	7.203	7.137	5.903	2.281	1.507	1.473	1.38	1.259	1.106	0.876	0.59	0.34	3.00e-02	0	0	0	0	0	0	0	0	0	0	0	0	0
0	0	0	0	0	0	0	0	0	0	0	0	0	0	0	0	0	0	0	0	0	0	0	0	0	0	0	0	0	0	0	0	0	0	0	0	0	0	0	0	0	0	0	0	0	0	0	0	0	0	0	0	0	0	0	0	0	1.00e-01	0.82	1.602	2.293	2.555	2.471	2.417	2.418	2.423	2.426	2.443	2.478	2.521	2.567	2.617	2.662	2.703	2.758	2.824	2.897	2.969	3.013	3.016	3.015	3.01	2.994	2.97	2.944	2.802	2.554	2.481	3.011	4.335	5.1	5.374	5.612	5.865	6.134	6.428	6.705	7.073	7.407	7.348	7.273	7.248	6.322	2.428	1.481	1.446	1.338	1.2	1.018	0.75	0.46	0.16	0	0	0	0	0	0	0	0	0	0	0	0	0	0
0	0	0	0	0	0	0	0	0	0	0	0	0	0	0	0	0	0	0	0	0	0	0	0	0	0	0	0	0	0	0	0	0	0	0	0	0	0	0	0	0	0	0	0	0	0	0	0	0	0	0	0	0	0	0	0	0	0.3	1.067	1.873	2.479	2.593	2.432	2.42	2.414	2.414	2.414	2.428	2.466	2.508	2.556	2.607	2.65	2.698	2.755	2.817	2.885	2.95	2.986	2.994	2.993	2.991	2.975	2.955	2.928	2.786	2.555	2.507	3.036	4.249	4.995	5.284	5.535	5.796	6.075	6.376	6.675	7.091	7.482	7.45	7.36	7.352	6.586	2.784	1.449	1.422	1.291	1.134	0.912	0.61	0.29	0	0	0	0	0	0	0	0	0	0	0	0	0	0	0
0	0	0	0	0	0	0	0	0	0	0	0	0	0	0	0	0	0	0	0	0	0	0	0	0	0	0	0	0	0	0	0	0	0	0	0	0	0	0	0	0	0	0	0	0	0	0	0	0	0	0	0	0	0	0	0	0	0.5	1.3	2.109	2.594	2.551	2.436	2.418	2.408	2.398	2.396	2.412	2.451	2.496	2.546	2.598	2.641	2.694	2.752	2.809	2.869	2.928	2.96	2.963	2.973	2.972	2.959	2.939	2.915	2.774	2.573	2.526	3.038	4.183	4.909	5.195	5.457	5.728	6.015	6.327	6.642	7.101	7.558	7.55	7.445	7.446	6.831	3.191	1.429	1.393	1.239	1.056	0.78	0.44	9.00e-02	0	0	0	0	0	0	0	0	0	0	0	0	0	0	0
0	0	0	0	0	0	0	0	0	0	0	0	0	0	0	0	0	0	0	0	0	0	0	0	0	0	0	0	0	0	0	0	0	0	0	0	0	0	0	0	0	0	0	0	0	0	0	0	0	0	0	0	0	0	0	0	0	0.56	1.408	2.276	2.664	2.512	2.438	2.414	2.402	2.389	2.381	2.399	2.443	2.489	2.537	2.59	2.639	2.692	2.75	2.809	2.859	2.907	2.936	2.947	2.954	2.953	2.944	2.927	2.899	2.766	2.583	2.553	3.048	4.096	4.811	5.105	5.379	5.662	5.956	6.277	6.607	7.107	7.625	7.65	7.53	7.533	7.093	3.572	1.407	1.364	1.18	0.963	0.62	0.25	0	0	0	0	0	0	0	0	0	0	0	0	0	0	0	0
0	0	0	0	0	0	0	0	0	0	0	0	0	0	0	0	0	0	0	0	0	0	0	0	0	0	0	0	0	0	0	0	0	0	0	0	0	0	0	0	0	0	0	0	0	0	0	0	0	0	0	0	0	0	0	0	0	0.44	1.263	2.135	2.626	2.465	2.436	2.413	2.4	2.39	2.376	2.394	2.441	2.492	2.546	2.607	2.653	2.705	2.759	2.803	2.855	2.892	2.922	2.928	2.939	2.94	2.934	2.921	2.891	2.768	2.606	2.58	3.044	4.015	4.713	5.015	5.3	5.59	5.894	6.223	6.571	7.107	7.676	7.754	7.625	7.64	7.307	4.055	1.459	1.329	1.115	0.838	0.43	2.00e-02	0	0	0	0	0	0	0	0	0	0	0	0	0	0	0	0
0	0	0	0	0	0	0	0	0	0	0	0	0	0	0	0	0	0	0	0	0	0	0	0	0	0	0	0	0	0	0	0	0	0	0	0	0	0	0	0	0	0	0	0	0	0	0	0	0	0	0	0	0	0	0	0	0	0.2	1.006	1.842	2.476	2.456	2.432	2.413	2.401	2.394	2.386	2.396	2.448	2.512	2.577	2.631	2.683	2.737	2.787	2.825	2.867	2.905	2.919	2.928	2.937	2.94	2.933	2.927	2.909	2.797	2.638	2.606	3.052	4.026	4.719	5.018	5.326	5.614	5.908	6.235	6.579	7.139	7.738	7.788	7.646	7.658	7.43	4.097	1.368	1.275	1.033	0.69	0.23	0	0	0	0	0	0	0	0	0	0	0	0	0	0	0	0	0
0	0	0	0	0	0	0	0	0	0	0	0	0	0	0	0	0	0	0	0	0	0	0	0	0	0	0	0	0	0	0	0	0	0	0	0	0	0	0	0	0	0	0	0	0	0	0	0	0	0	0	0	0	0	0	0	0	7.00e-02	0.77	1.574	2.279	2.46	2.423	2.41	2.401	2.398	2.398	2.399	2.456	2.533	2.608	2.666	2.719	2.776	2.822	2.856	2.89	2.923	2.934	2.937	2.939	2.94	2.936	2.938	2.932	2.831	2.683	2.648	3.086	4.066	4.755	5.071	5.413	5.692	5.977	6.302	6.648	7.206	7.745	7.728	7.59	7.608	7.139	3.241	1.251	1.169	0.93	0.57	0.12	0	0	0	0	0	0	0	0	0	0	0	0	0	0	0	0	0
0	0	0	0	0	0	0	0	0	0	0	0	0	0	0	0	0	0	0	0	0	0	0	0	0	0	0	0	0	0	0	0	0	0	0	0	0	0	0	0	0	0	0	0	0	0	0	0	0	0	0	0	0	0	0	6.00e-02	0.11	1.00e-01	0.67	1.418	2.146	2.428	2.41	2.403	2.398	2.4	2.404	2.403	2.463	2.553	2.639	2.701	2.758	2.816	2.862	2.892	2.919	2.943	2.951	2.948	2.946	2.943	2.946	2.95	2.953	2.872	2.728	2.698	3.123	4.119	4.798	5.127	5.504	5.77	6.049	6.364	6.725	7.281	7.735	7.658	7.531	7.546	6.753	2.187	1.203	1.063	0.822	0.45	1.00e-02	0	0	0	0	0	0	0	0	0	0	0	0	0	0	0	0	0
0	0	0	0	0	0	0	0	0	0	0	0	0	0	0	0	0	0	0	0	0	0	0	0	0	0	0	0	0	0	0	0	0	0	0	0	0	0	0	0	0	0	0	0	0	0	0	0	0	0	0	0	0	0	7.00e-02	0.13	0.18	0.26	0.62	1.328	2.025	2.394	2.396	2.394	2.394	2.4	2.409	2.421	2.478	2.576	2.674	2.744	2.8	2.858	2.903	2.927	2.946	2.963	2.967	2.959	2.95	2.946	2.954	2.965	2.975	2.908	2.769	2.741	3.167	4.169	4.841	5.187	5.596	5.849	6.122	6.429	6.803	7.349	7.712	7.583	7.475	7.478	6.097	1.695	1.106	0.962	0.71	0.33	0	0	0	0	0	0	0	0	0	0	0	0	0	0	0	0	0	0
0	0	0	0	0	0	0	0	0	0	0	0	0	0	0	0	0	0	0	0	0	0	0	0	0	0	0	0	0	0	0	0	0	0	0	0	0	0	0	0	0	0	0	0	0	0	0	0	0	0	0	0	0	7.00e-02	0.14	0.2	0.25	0	0.62	1.286	1.966	2.358	2.38	2.384	2.389	2.4	2.415	2.431	2.496	2.606	2.717	2.792	2.846	2.904	2.95	2.965	2.976	2.986	2.984	2.969	2.955	2.948	2.963	2.981	2.997	2.938	2.807	2.788	3.217	4.223	4.886	5.252	5.684	5.927	6.194	6.493	6.881	7.412	7.669	7.511	7.431	7.377	5.141	1.295	1.043	0.856	0.6	0.22	0	0	0	0	0	0	0	0	0	0	0	0	0	0	0	0	0	0
0	0	0	0	0	0	0	0	0	0	0	0	0	0	0	0	0	0	0	0	0	0	0	0	0	0	0	0	0	0	0	0	0	0	0	0	0	0	0	0	0	0	0	0	0	0	0	0	0	0	0	0	6.00e-02	0.13	0.2	0.26	0.32	0	0.64	1.276	1.936	2.331	2.365	2.375	2.384	2.4	2.419	2.44	2.515	2.639	2.76	2.839	2.894	2.952	2.995	3.002	3.005	3.008	2.999	2.978	2.959	2.952	2.974	3	3.016	2.953	2.841	2.853	3.376	4.365	4.953	5.353	5.788	6.013	6.275	6.565	6.966	7.464	7.609	7.439	7.378	7.21	3.981	1.062	0.946	0.76	0.48	0.11	0	0	0	0	0	0	0	0	0	0	0	0	0	0	0	0	0	0
0	0	0	0	0	0	0	0	0	0	0	0	0	0	0	0	0	0	0	0	0	0	0	0	0	0	0	0	0	0	0	0	0	0	0	0	0	0	0	0	0	0	0	0	0	0	0	0	0	0	0	5.00e-02	0.12	0.2	0.26	0.32	8.00e-02	0	0.67	1.278	1.92	2.31	2.351	2.366	2.381	2.401	2.425	2.451	2.538	2.673	2.804	2.888	2.942	3	3.042	3.038	3.034	3.033	3.012	2.986	2.961	2.957	2.988	3.021	3.038	2.975	2.876	2.936	3.632	4.578	5.06	5.536	5.921	6.126	6.389	6.669	7.099	7.522	7.524	7.36	7.31	6.855	2.678	0.917	0.84	0.66	0.36	1.00e-02	0	0	0	0	0	0	0	0	0	0	0	0	0	0	0	0	0	0
0	0	0	0	0	0	0	0	0	0	0	0	0	0	0	0	0	0	0	0	0	0	0	0	0	0	0	0	0	0	0	0	0	0	0	0	0	0	0	0	0	0	0	0	0	0	0	0	0	0	3.00e-02	1.00e-01	0.18	0.25	0.32	0.39	0	0	0.72	1.291	1.913	2.293	2.337	2.358	2.378	2.402	2.431	2.462	2.564	2.709	2.849	2.933	2.988	3.048	3.085	3.072	3.06	3.052	3.024	2.992	2.957	2.964	3.004	3.042	3.059	2.98	2.916	3.049	3.911	4.759	5.17	5.735	6.046	6.249	6.516	6.808	7.256	7.547	7.407	7.271	7.246	5.474	1.273	0.841	0.72	0.54	0.23	0	0	0	0	0	0	0	0	0	0	0	0	0	0	0	0	0	0	0
0	0	0	0	0	0	0	0	0	0	0	0	0	0	0	0	0	0	0	0	0	0	0	0	0	0	0	0	0	0	0	0	0	0	0	0	0	0	0	0	0	0	0	0	0	0	0	0	0	2.00e-02	9.00e-02	0.16	0.24	0.31	0.38	0.45	0	0.29	0.72	1.308	1.909	2.276	2.323	2.351	2.375	2.404	2.437	2.465	2.593	2.75	2.895	2.978	3.033	3.092	3.121	3.101	3.082	3.067	3.033	2.995	2.953	2.974	3.022	3.06	3.079	2.993	2.957	3.197	4.191	4.916	5.32	5.925	6.161	6.375	6.641	6.967	7.375	7.486	7.29	7.194	7.095	3.474	0.72	0.73	0.58	0.37	7.00e-02	0	0	0	0	0	0	0	0	0	0	0	0	0	0	0	0	0	0	0
0	0	0	0	0	0	0	0	0	0	0	0	0	0	0	0	0	0	0	0	0	0	0	0	0	0	0	0	0	0	0	0	0	0	0	0	0	0	0	0	0	0	0	0	0	0	0	0	0	6.00e-02	0.14	0.21	0.29	0.36	0.44	0.51	0	0.38	0.78	1.332	1.909	2.258	2.309	2.343	2.373	2.407	2.444	2.481	2.624	2.792	2.944	3.018	3.077	3.141	3.154	3.125	3.103	3.078	3.037	2.995	2.952	2.987	3.043	3.085	3.093	3.012	3.013	3.391	4.459	5.063	5.546	6.097	6.275	6.501	6.767	7.128	7.44	7.366	7.179	7.118	6.416	1.635	0.69	0.61	0.46	0.21	0	0	0	0	0	0	0	0	0	0	0	0	0	0	0	0	0	0	0	0
0	0	0	0	0	0	0	0	0	0	0	0	0	0	0	0	0	0	0	0	0	0	0	0	0	0	0	0	0	0	0	0	0	0	0	0	0	0	0	0	0	0	0	0	0	0	0	0	3.00e-02	1.00e-01	0.18	0.25	0.33	0.4	0.48	0	0	0.5	0.85	1.368	1.913	2.243	2.296	2.337	2.371	2.411	2.453	2.499	2.659	2.837	2.997	3.061	3.121	3.183	3.185	3.147	3.12	3.085	3.039	2.988	2.954	3.002	3.064	3.114	3.106	3.03	3.09	3.663	4.692	5.205	5.825	6.232	6.393	6.628	6.903	7.264	7.407	7.23	7.087	6.941	4.222	0.73	0.6	0.49	0.31	6.00e-02	0	0	0	0	0	0	0	0	0	0	0	0	0	0	0	0	0	0	0	0
0	0	0	0	0	0	0	0	0	0	0	0	0	0	0	0	0	0	0	0	0	0	0	0	0	0	0	0	0	0	0	0	0	0	0	0	0	0	0	0	0	0	0	0	0	0	0	0	6.00e-02	0.14	0.21	0.29	0.37	0.44	0	0	0.42	0.61	0.925	1.422	1.945	2.26	2.342	2.331	2.372	2.417	2.462	2.523	2.698	2.887	3.05	3.106	3.168	3.225	3.213	3.167	3.133	3.09	3.04	2.984	2.957	3.025	3.088	3.144	3.105	3.046	3.194	3.969	4.901	5.375	6.104	6.337	6.506	6.746	7.044	7.349	7.313	7.103	6.989	6.258	1.486	0.5	0.49	0.37	0.17	0	0	0	0	0	0	0	0	0	0	0	0	0	0	0	0	0	0	0	0	0
0	0	0	0	0	0	0	0	0	0	0	0	0	0	0	0	0	0	0	0	0	0	0	0	0	0	0	0	0	0	0	0	0	0	0	0	0	0	0	0	0	0	0	0	0	0	0	3.00e-02	0.11	0.18	0.25	0.32	0.4	0.47	0	0	0.52	0.68	1.034	1.52	1.991	2.25	2.322	2.321	2.375	2.429	2.46	2.554	2.747	2.945	3.108	3.155	3.218	3.269	3.233	3.185	3.146	3.093	3.038	2.973	2.967	3.049	3.116	3.17	3.127	3.096	3.345	4.309	5.064	5.576	6.299	6.431	6.618	6.859	7.166	7.359	7.187	6.988	6.889	4.549	0.46	0.44	0.37	0.23	2.00e-02	0	0	0	0	0	0	0	0	0	0	0	0	0	0	0	0	0	0	0	0	0
0	0	0	0	0	0	0	0	0	0	0	0	0	0	0	0	0	0	0	0	0	0	0	0	0	0	0	0	0	0	0	0	0	0	0	0	0	0	0	0	0	0	0	0	0	0	0	7.00e-02	0.14	0.21	0.29	0.35	0.43	0	0	0.45	0.58	0.75	1.156	1.639	2.078	2.27	2.302	2.319	2.377	2.436	2.458	2.589	2.799	3.007	3.167	3.208	3.273	3.308	3.256	3.201	3.156	3.097	3.033	2.965	2.982	3.074	3.134	3.185	3.136	3.141	3.584	4.639	5.213	5.846	6.413	6.526	6.732	6.984	7.254	7.294	7.056	6.912	6.516	2.367	0.38	0.36	0.27	0.11	0	0	0	0	0	0	0	0	0	0	0	0	0	0	0	0	0	0	0	0	0	0
0	0	0	0	0	0	0	0	0	0	0	0	0	0	0	0	0	0	0	0	0	0	0	0	0	0	0	0	0	0	0	0	0	0	0	0	0	0	0	0	0	0	0	0	0	0	3.00e-02	1.00e-01	0.17	0.24	0.32	0.38	0.45	0	0.17	0.65	0.56	0.846	1.286	1.772	2.161	2.278	2.26	2.319	2.383	2.405	2.473	2.634	2.86	3.074	3.221	3.271	3.333	3.344	3.284	3.215	3.16	3.096	3.027	2.963	3.003	3.104	3.167	3.198	3.153	3.215	3.876	4.909	5.372	6.147	6.486	6.631	6.848	7.11	7.284	7.161	6.939	6.791	5.137	0.827	0.31	0.27	0.17	0	0	0	0	0	0	0	0	0	0	0	0	0	0	0	0	0	0	0	0	0	0	0
0	0	0	0	0	0	0	0	0	0	0	0	0	0	0	0	0	0	0	0	0	0	0	0	0	0	0	0	0	0	0	0	0	0	0	0	0	0	0	0	0	0	0	0	0	0	6.00e-02	0.12	0.2	0.26	0.33	0.4	0	0	0.38	0.42	0.61	0.963	1.429	1.893	2.201	2.235	2.259	2.325	2.383	2.408	2.507	2.699	2.931	3.141	3.272	3.339	3.383	3.374	3.305	3.234	3.16	3.088	3.009	2.966	3.046	3.131	3.208	3.213	3.188	3.34	4.228	5.101	5.607	6.416	6.577	6.739	6.959	7.204	7.234	7.012	6.827	6.449	2.631	0.25	0.25	0.18	6.00e-02	0	0	0	0	0	0	0	0	0	0	0	0	0	0	0	0	0	0	0	0	0	0	0
0	0	0	0	0	0	0	0	0	0	0	0	0	0	0	0	0	0	0	0	0	0	0	0	0	0	0	0	0	0	0	0	0	0	0	0	0	0	0	0	0	0	0	0	0	0	7.00e-02	0.14	0.21	0.28	0.35	0.41	0	0	0.45	0.45	0.69	1.103	1.581	1.997	2.218	2.227	2.263	2.331	2.378	2.42	2.556	2.771	2.999	3.195	3.303	3.365	3.426	3.396	3.317	3.24	3.158	3.077	2.987	2.976	3.078	3.163	3.251	3.239	3.259	3.5	4.591	5.269	5.95	6.581	6.663	6.851	7.072	7.243	7.128	6.871	6.73	5.552	0.77	0.16	0.17	9.00e-02	0	0	0	0	0	0	0	0	0	0	0	0	0	0	0	0	0	0	0	0	0	0	0	0
0	0	0	0	0	0	0	0	0	0	0	0	0	0	0	0	0	0	0	0	0	0	0	0	0	0	0	0	0	0	0	0	0	0	0	0	0	0	0	0	0	0	0	0	0	2.00e-02	9.00e-02	0.16	0.23	0.29	0.37	0.43	0	0.3	0.51	0.55	0.851	1.289	1.734	2.075	2.211	2.2	2.268	2.338	2.363	2.444	2.62	2.847	3.068	3.235	3.332	3.385	3.425	3.384	3.308	3.239	3.151	3.052	2.971	2.997	3.097	3.198	3.288	3.278	3.344	3.786	4.925	5.462	6.346	6.678	6.764	6.961	7.169	7.202	6.975	6.738	6.475	3.213	0.18	0.13	9.00e-02	0	0	0	0	0	0	0	0	0	0	0	0	0	0	0	0	0	0	0	0	0	0	0	0	0
0	0	0	0	0	0	0	0	0	0	0	0	0	0	0	0	0	0	0	0	0	0	0	0	0	0	0	0	0	0	0	0	0	0	0	0	0	0	0	0	0	0	0	0	0	2.00e-02	9.00e-02	0.16	0.23	0.3	0.37	0.44	0	0.36	0.51	0.74	1.108	1.52	1.896	2.119	2.185	2.204	2.276	2.322	2.373	2.487	2.692	2.922	3.13	3.261	3.321	3.39	3.399	3.342	3.276	3.205	3.105	3.016	2.965	3.028	3.135	3.25	3.313	3.309	3.457	4.253	5.185	5.728	6.64	6.749	6.883	7.074	7.216	7.081	6.81	6.626	5.407	0.75	4.00e-02	5.00e-02	1.00e-02	0	0	0	0	0	0	0	0	0	0	0	0	0	0	0	0	0	0	0	0	0	0	0	0	0
0	0	0	0	0	0	0	0	0	0	0	0	0	0	0	0	0	0	0	0	0	0	0	0	0	0	0	0	0	0	0	0	0	0	0	0	0	0	0	0	0	0	0	0	0	4.00e-02	0.11	0.18	0.25	0.31	0.38	0.31	0	0.44	0.66	0.994	1.385	1.77	2.043	2.128	2.144	2.212	2.282	2.316	2.393	2.547	2.768	2.994	3.174	3.286	3.336	3.384	3.364	3.3	3.234	3.16	3.062	2.985	2.977	3.052	3.177	3.305	3.333	3.333	3.653	4.782	5.388	6.167	6.783	6.842	7	7.171	7.159	6.904	6.656	6.501	3.124	0	0	0	0	0	0	0	0	0	0	0	0	0	0	0	0	0	0	0	0	0	0	0	0	0	0	0	0	0
0	0	0	0	0	0	0	0	0	0	0	0	0	0	0	0	0	0	0	0	0	0	0	0	0	0	0	0	0	0	0	0	0	0	0	0	0	0	0	0	0	0	0	0	0	7.00e-02	0.13	0.2	0.27	0.28	9.00e-02	0.19	0.33	0.54	0.864	1.262	1.656	1.962	2.097	2.116	2.161	2.231	2.285	2.326	2.432	2.622	2.847	3.06	3.207	3.294	3.345	3.365	3.326	3.255	3.189	3.099	3.018	2.963	2.994	3.109	3.24	3.336	3.335	3.435	3.985	5.151	5.632	6.659	6.865	6.945	7.11	7.19	7.011	6.717	6.504	5.617	0.78	0	0	0	0	0	0	0	0	0	0	0	0	0	0	0	0	0	0	0	0	0	0	0	0	0	0	0	0	0
0	0	0	0	0	0	0	0	0	0	0	0	0	0	0	0	0	0	0	0	0	0	0	0	0	0	0	0	0	0	0	0	0	0	0	0	0	0	0	0	0	0	0	0	3.00e-02	9.00e-02	0.17	0.23	0	3.00e-02	9.00e-02	0.21	0.37	0.63	1.047	1.49	1.873	2.051	2.058	2.114	2.187	2.242	2.285	2.357	2.498	2.711	2.928	3.114	3.233	3.3	3.347	3.336	3.283	3.212	3.138	3.047	2.978	2.961	3.028	3.163	3.29	3.344	3.384	3.618	4.468	5.358	6.04	6.95	6.933	7.054	7.2	7.108	6.816	6.526	6.161	2.426	0	0	0	0	0	0	0	0	0	0	0	0	0	0	0	0	0	0	0	0	0	0	0	0	0	0	0	0	0	0
0	0	0	0	0	0	0	0	0	0	0	0	0	0	0	0	0	0	0	0	0	0	0	0	0	0	0	0	0	0	0	0	0	0	0	0	0	0	0	0	0	0	0	0	6.00e-02	0.12	0.19	0.25	0	5.00e-02	0.12	0.23	0.42	0.75	1.209	1.662	1.959	2.053	2.068	2.142	2.205	2.257	2.323	2.444	2.623	2.826	3.009	3.15	3.25	3.298	3.332	3.299	3.241	3.17	3.085	3	2.953	2.979	3.074	3.212	3.318	3.357	3.46	3.922	4.944	5.568	6.527	6.989	7.022	7.156	7.212	6.924	6.6	6.375	4.585	0	0	0	0	0	0	0	0	0	0	0	0	0	0	0	0	0	0	0	0	0	0	0	0	0	0	0	0	0	0	0
0	0	0	0	0	0	0	0	0	0	0	0	0	0	0	0	0	0	0	0	0	0	0	0	0	0	0	0	0	0	0	0	0	0	0	0	0	0	0	0	0	0	0	3.00e-02	9.00e-02	0.16	0	0	0	1.00e-02	0.13	0.28	0.5	0.893	1.362	1.784	1.992	2.049	2.094	2.173	2.22	2.287	2.4	2.57	2.759	2.947	3.089	3.191	3.251	3.302	3.3	3.256	3.19	3.12	3.034	2.962	2.952	3.012	3.135	3.269	3.323	3.384	3.601	4.412	5.295	5.936	6.854	6.995	7.097	7.203	7.063	6.705	6.395	6.038	1.734	0	0	0	0	0	0	0	0	0	0	0	0	0	0	0	0	0	0	0	0	0	0	0	0	0	0	0	0	0	0	0
0	0	0	0	0	0	0	0	0	0	0	0	0	0	0	0	0	0	0	0	0	0	0	0	0	0	0	0	0	0	0	0	0	0	0	0	0	0	0	0	0	0	0	0	0	0	0	0	3.00e-02	3.00e-02	0.16	0.33	0.6	1.042	1.504	1.871	2.008	2.03	2.111	2.182	2.252	2.359	2.521	2.71	2.893	3.048	3.148	3.218	3.266	3.286	3.259	3.208	3.149	3.069	2.989	2.936	2.969	3.056	3.193	3.295	3.331	3.445	3.895	4.956	5.581	6.472	6.958	7.017	7.15	7.176	6.889	6.546	6.174	3.795	0	0	0	0	0	0	0	0	0	0	0	0	0	0	0	0	0	0	0	0	0	0	0	0	0	0	0	0	0	0	0	0
0	0	0	0	0	0	0	0	0	0	0	0	0	0	0	0	0	0	0	0	0	0	0	0	0	0	0	0	0	0	0	0	0	0	0	0	0	0	0	0	0	0	0	0	0	0	0	0	0	7.00e-02	0.2	0.39	0.72	1.191	1.636	1.923	2.014	2.044	2.124	2.198	2.297	2.459	2.652	2.845	2.999	3.105	3.175	3.223	3.255	3.241	3.201	3.155	3.097	3.013	2.949	2.935	3.001	3.112	3.25	3.308	3.353	3.599	4.377	5.276	5.929	6.866	6.974	7.063	7.186	7.077	6.737	6.416	5.67	1.454	0	0	0	0	0	0	0	0	0	0	0	0	0	0	0	0	0	0	0	0	0	0	0	0	0	0	0	0	0	0	0	0
0	0	0	0	0	0	0	0	0	0	0	0	0	0	0	0	0	0	0	0	0	0	0	0	0	0	0	0	0	0	0	0	0	0	0	0	0	0	0	0	0	0	0	0	0	0	0	2.00e-02	1.00e-02	1.00e-01	0.24	0.47	0.863	1.34	1.747	1.955	2.019	2.069	2.138	2.219	2.344	2.552	2.771	2.958	3.067	3.144	3.186	3.224	3.216	3.184	3.138	3.094	3.026	2.957	2.926	2.955	3.046	3.17	3.282	3.31	3.416	3.861	4.934	5.545	6.398	6.948	6.999	7.121	7.179	6.935	6.585	6.264	4.537	0.18	0	0	0	0	0	0	0	0	0	0	0	0	0	0	0	0	0	0	0	0	0	0	0	0	0	0	0	0	0	0	0	0
0	0	0	0	0	0	0	0	0	0	0	0	0	0	0	0	0	0	0	0	0	0	0	0	0	0	0	0	0	0	0	0	0	0	0	0	0	0	0	0	0	0	0	0	0	0	0	4.00e-02	7.00e-02	0.15	0.3	0.58	1.012	1.48	1.827	1.97	2.024	2.081	2.154	2.252	2.417	2.639	2.855	3.011	3.102	3.16	3.189	3.188	3.16	3.119	3.078	3.018	2.958	2.919	2.936	3.005	3.11	3.233	3.29	3.324	3.554	4.427	5.291	5.895	6.816	6.954	7.039	7.164	7.098	6.772	6.438	5.947	2.917	0	0	0	0	0	0	0	0	0	0	0	0	0	0	0	0	0	0	0	0	0	0	0	0	0	0	0	0	0	0	0	0	0
0	0	0	0	0	0	0	0	0	0	0	0	0	0	0	0	0	0	0	0	0	0	0	0	0	0	0	0	0	0	0	0	0	0	0	0	0	0	0	0	0	0	0	0	0	0	0	4.00e-02	0.13	0.19	0.36	0.7	1.164	1.611	1.876	1.976	2.028	2.098	2.176	2.299	2.495	2.718	2.916	3.046	3.117	3.16	3.164	3.139	3.097	3.059	3.004	2.951	2.915	2.922	2.983	3.074	3.186	3.268	3.278	3.383	3.845	4.927	5.547	6.393	6.907	6.96	7.096	7.166	6.957	6.63	6.348	5.484	0.67	0	0	0	0	0	0	0	0	0	0	0	0	0	0	0	0	0	0	0	0	0	0	0	0	0	0	0	0	0	0	0	0	0
0	0	0	0	0	0	0	0	0	0	0	0	0	0	0	0	0	0	0	0	0	0	0	0	0	0	0	0	0	0	0	0	0	0	0	0	0	0	0	0	0	0	0	0	0	0	2.00e-02	1.00e-01	0.12	0.24	0.44	0.843	1.317	1.717	1.907	1.979	2.041	2.116	2.205	2.36	2.574	2.793	2.964	3.068	3.125	3.148	3.125	3.082	3.041	2.99	2.938	2.904	2.911	2.969	3.057	3.169	3.253	3.29	3.301	3.562	4.463	5.279	5.857	6.767	6.939	7.018	7.141	7.108	6.801	6.491	6.166	3.558	0	0	0	0	0	0	0	0	0	0	0	0	0	0	0	0	0	0	0	0	0	0	0	0	0	0	0	0	0	0	0	0	0	0
0	0	0	0	0	0	0	0	0	0	0	0	0	0	0	0	0	0	0	0	0	0	0	0	0	0	0	0	0	0	0	0	0	0	0	0	0	0	0	0	0	0	0	0	0	0	4.00e-02	0.11	0.16	0.32	0.59	1.023	1.467	1.791	1.922	1.986	2.056	2.135	2.245	2.431	2.655	2.859	3	3.083	3.124	3.126	3.089	3.037	2.984	2.932	2.893	2.902	2.957	3.044	3.151	3.244	3.245	3.292	3.51	4.244	5.122	5.587	6.386	6.889	6.961	7.079	7.152	6.981	6.651	6.36	5.868	1.589	0	0	0	0	0	0	0	0	0	0	0	0	0	0	0	0	0	0	0	0	0	0	0	0	0	0	0	0	0	0	0	0	0	0
0	0	0	0	0	0	0	0	0	0	0	0	0	0	0	0	0	0	0	0	0	0	0	0	0	0	0	0	0	0	0	0	0	0	0	0	0	0	0	0	0	0	0	0	0	0	9.00e-02	9.00e-02	0.22	0.42	0.78	1.219	1.614	1.843	1.93	1.996	2.073	2.161	2.299	2.51	2.734	2.914	3.028	3.093	3.116	3.101	3.054	3.001	2.94	2.894	2.884	2.943	3.031	3.139	3.228	3.226	3.257	3.472	4.189	5.088	5.514	6.177	6.84	6.917	7.004	7.131	7.105	6.825	6.515	6.192	4.447	0.33	0	0	0	0	0	0	0	0	0	0	0	0	0	0	0	0	0	0	0	0	0	0	0	0	0	0	0	0	0	0	0	0	0	0
0	0	0	0	0	0	0	0	0	0	0	0	0	0	0	0	0	0	0	0	0	0	0	0	0	0	0	0	0	0	0	0	0	0	0	0	0	0	0	0	0	0	0	0	0	5.00e-02	0.13	0.13	0.3	0.58	0.987	1.415	1.739	1.876	1.943	2.012	2.093	2.197	2.369	2.59	2.806	2.953	3.046	3.095	3.1	3.071	3.021	2.962	2.905	2.88	2.917	3.01	3.126	3.212	3.231	3.245	3.47	4.155	5.04	5.489	6.086	6.754	6.905	6.962	7.073	7.152	6.986	6.674	6.392	5.783	2.346	0	0	0	0	0	0	0	0	0	0	0	0	0	0	0	0	0	0	0	0	0	0	0	0	0	0	0	0	0	0	0	0	0	0	0
0	0	0	0	0	0	0	0	0	0	0	0	0	0	0	0	0	0	0	0	0	0	0	0	0	0	0	0	0	0	0	0	0	0	0	0	0	0	0	0	0	0	0	0	0	7.00e-02	0.11	0.2	0.41	0.77	1.2	1.585	1.806	1.891	1.955	2.032	2.118	2.243	2.446	2.669	2.864	2.984	3.057	3.09	3.078	3.041	2.987	2.926	2.88	2.889	2.96	3.08	3.192	3.227	3.259	3.448	4.142	5.054	5.463	6.021	6.768	6.889	6.937	7.046	7.129	7.071	6.806	6.53	6.293	4.83	0.28	0	0	0	0	0	0	0	0	0	0	0	0	0	0	0	0	0	0	0	0	0	0	0	0	0	0	0	0	0	0	0	0	0	0	0
0	0	0	0	0	0	0	0	0	0	0	0	0	0	0	0	0	0	0	0	0	0	0	0	0	0	0	0	0	0	0	0	0	0	0	0	0	0	0	0	0	0	0	0	4.00e-02	0.12	0.13	0.29	0.56	0.976	1.403	1.705	1.844	1.906	1.982	2.057	2.151	2.308	2.528	2.743	2.909	3.004	3.062	3.076	3.051	3.008	2.95	2.895	2.87	2.914	3.013	3.137	3.209	3.262	3.477	4.142	5.018	5.452	5.986	6.699	6.873	6.917	7.019	7.114	7.078	6.853	6.578	6.348	6.046	3.031	0	0	0	0	0	0	0	0	0	0	0	0	0	0	0	0	0	0	0	0	0	0	0	0	0	0	0	0	0	0	0	0	0	0	0	0
0	0	0	0	0	0	0	0	0	0	0	0	0	0	0	0	0	0	0	0	0	0	0	0	0	0	0	0	0	0	0	0	0	0	0	0	0	0	0	0	0	0	0	1.00e-02	7.00e-02	8.00e-02	0.2	0.39	0.75	1.185	1.575	1.771	1.86	1.928	2.011	2.091	2.212	2.396	2.613	2.807	2.941	3.02	3.061	3.056	3.022	2.974	2.916	2.872	2.877	2.952	3.07	3.165	3.216	3.349	3.931	4.999	5.454	5.964	6.661	6.852	6.896	6.995	7.091	7.089	6.896	6.628	6.389	6.143	4.416	0.52	0	0	0	0	0	0	0	0	0	0	0	0	0	0	0	0	0	0	0	0	0	0	0	0	0	0	0	0	0	0	0	0	0	0	0	0
0	0	0	0	0	0	0	0	0	0	0	0	0	0	0	0	0	0	0	0	0	0	0	0	0	0	0	0	0	0	0	0	0	0	0	0	0	0	0	0	0	0	0	5.00e-02	2.00e-02	0.13	0.29	0.55	0.97	1.385	1.687	1.804	1.877	1.96	2.044	2.137	2.297	2.499	2.699	2.859	2.967	3.029	3.048	3.031	2.992	2.941	2.885	2.859	2.901	3	3.122	3.176	3.244	3.534	4.448	5.289	5.882	6.66	6.832	6.883	6.973	7.074	7.098	6.93	6.672	6.424	6.236	5.236	0.82	0	0	0	0	0	0	0	0	0	0	0	0	0	0	0	0	0	0	0	0	0	0	0	0	0	0	0	0	0	0	0	0	0	0	0	0	0
0	0	0	0	0	0	0	0	0	0	0	0	0	0	0	0	0	0	0	0	0	0	0	0	0	0	0	0	0	0	0	0	0	0	0	0	0	0	5.00e-02	1.00e-01	5.00e-02	0	2.00e-02	0	7.00e-02	0.23	0.48	0.823	1.206	1.54	1.739	1.827	1.905	1.992	2.084	2.211	2.402	2.605	2.783	2.904	2.986	3.028	3.031	3.003	2.96	2.905	2.863	2.867	2.941	3.056	3.156	3.194	3.336	3.904	4.912	5.539	6.272	6.784	6.868	6.957	7.057	7.082	6.952	6.71	6.466	6.274	5.694	2.379	1.00e-02	0	0	0	0	0	0	0	0	0	0	0	0	0	0	0	0	0	0	0	0	0	0	0	0	0	0	0	0	0	0	0	0	0	0	0	0	0
0	0	0	0	0	0	0	0	0	0	0	0	0	0	0	0	0	0	0	0	0	0	0	0	0	0	0	0	0	0	0	0	0	0	0	0	0	2.00e-02	7.00e-02	0.11	0	0	0	3.00e-02	0.19	0.41	0.74	1.099	1.435	1.652	1.771	1.845	1.939	2.027	2.138	2.308	2.51	2.704	2.846	2.937	2.997	3.021	3.007	2.974	2.926	2.875	2.853	2.89	2.991	3.11	3.167	3.23	3.524	4.446	5.265	5.847	6.587	6.828	6.92	7.027	7.084	6.966	6.738	6.496	6.299	6.051	3.261	0	0	0	0	0	0	0	0	0	0	0	0	0	0	0	0	0	0	0	0	0	0	0	0	0	0	0	0	0	0	0	0	0	0	0	0	0	0	0
0	0	0	0	0	0	0	0	0	0	0	0	0	0	0	0	0	0	0	0	0	0	0	0	0	0	0	0	0	0	0	0	0	0	0	0	0	4.00e-02	1.00e-01	8.00e-02	3.00e-02	0	0	0.14	0.35	0.66	1.019	1.361	1.601	1.719	1.798	1.879	1.974	2.074	2.222	2.415	2.615	2.781	2.888	2.958	3	3.002	2.98	2.943	2.893	2.851	2.859	2.929	3.047	3.144	3.173	3.317	3.922	4.941	5.556	6.25	6.761	6.862	6.965	7.053	7.006	6.767	6.522	6.321	6.127	4.405	0.68	0	0	0	0	0	0	0	0	0	0	0	0	0	0	0	0	0	0	0	0	0	0	0	0	0	0	0	0	0	0	0	0	0	0	0	0	0	0	0
0	0	0	0	0	0	0	0	0	0	0	0	0	0	0	0	0	0	0	0	0	0	0	0	0	0	0	0	0	0	0	0	0	0	0	0	3.00e-02	7.00e-02	6.00e-02	0	0	0	1.00e-01	0.29	0.59	0.941	1.287	1.547	1.683	1.759	1.833	1.924	2.016	2.139	2.322	2.524	2.707	2.835	2.916	2.968	2.989	2.974	2.948	2.909	2.863	2.839	2.882	2.98	3.097	3.147	3.206	3.543	4.45	5.268	5.873	6.62	6.809	6.893	7.011	7.051	6.9	6.623	6.362	6.185	4.798	1.028	0	0	0	0	0	0	0	0	0	0	0	0	0	0	0	0	0	0	0	0	0	0	0	0	0	0	0	0	0	0	0	0	0	0	0	0	0	0	0	0
0	0	0	0	0	0	0	0	0	0	0	0	0	0	0	0	0	0	0	0	0	0	0	0	0	0	0	0	0	0	0	0	0	0	0	1.00e-02	0	0	0	0	0	7.00e-02	0.26	0.52	0.868	1.221	1.492	1.642	1.728	1.799	1.892	1.975	2.072	2.231	2.431	2.627	2.775	2.872	2.936	2.966	2.965	2.944	2.912	2.872	2.838	2.845	2.922	3.033	3.117	3.157	3.294	3.93	4.945	5.541	6.222	6.753	6.841	6.951	7.048	7.004	6.768	6.492	6.251	5.492	1.845	2.00e-02	0	0	0	0	0	0	0	0	0	0	0	0	0	0	0	0	0	0	0	0	0	0	0	0	0	0	0	0	0	0	0	0	0	0	0	0	0	0	0	0
0	0	0	0	0	0	0	0	0	0	0	0	0	0	0	0	0	0	0	0	0	0	0	0	0	0	0	0	0	0	0	0	0	0	0	0	0	0	0	0	5.00e-02	0.23	0.48	0.81	1.148	1.437	1.595	1.692	1.773	1.863	1.948	2.045	2.177	2.354	2.541	2.709	2.819	2.895	2.94	2.95	2.937	2.91	2.875	2.839	2.832	2.876	2.972	3.08	3.127	3.203	3.482	4.479	5.286	5.875	6.561	6.8	6.887	7	7.042	6.896	6.631	6.402	6.105	4.096	0.75	2.00e-02	0	0	0	0	0	0	0	0	0	0	0	0	0	0	0	0	0	0	0	0	0	0	0	0	0	0	0	0	0	0	0	0	0	0	0	0	0	0	0	0
0	0	0	0	0	0	0	0	0	0	0	0	0	0	0	0	0	0	0	0	0	0	0	0	0	0	0	0	0	0	0	0	0	0	0	0	0	0	0	3.00e-02	0.2	0.44	0.77	1.102	1.384	1.555	1.655	1.74	1.833	1.922	2.018	2.15	2.313	2.484	2.64	2.766	2.852	2.909	2.932	2.927	2.907	2.876	2.841	2.821	2.851	2.924	3.033	3.112	3.123	3.298	3.956	4.965	5.575	6.268	6.752	6.834	6.936	7.03	7	6.771	6.522	6.272	5.563	2.096	0.11	0	0	0	0	0	0	0	0	0	0	0	0	0	0	0	0	0	0	0	0	0	0	0	0	0	0	0	0	0	0	0	0	0	0	0	0	0	0	0	0	0
0	0	0	0	0	0	0	0	0	0	0	0	0	0	0	0	0	0	0	0	0	0	0	0	0	0	0	0	0	0	0	0	0	0	0	0	0	0	1.00e-02	0.17	0.41	0.73	1.061	1.344	1.517	1.62	1.707	1.804	1.897	1.996	2.124	2.287	2.454	2.608	2.724	2.811	2.873	2.91	2.913	2.899	2.874	2.841	2.818	2.831	2.895	2.995	3.089	3.097	3.154	3.551	4.564	5.302	5.899	6.584	6.787	6.869	6.984	7.035	6.9	6.642	6.375	6.09	4.452	0.74	7.00e-02	0	0	0	0	0	0	0	0	0	0	0	0	0	0	0	0	0	0	0	0	0	0	0	0	0	0	0	0	0	0	0	0	0	0	0	0	0	0	0	0	0
0	0	0	0	0	0	0	0	0	0	0	0	0	0	0	0	0	0	0	0	0	0	0	0	0	0	0	0	0	0	0	0	0	0	0	0	0	1.00e-02	0.15	0.37	0.68	1.015	1.305	1.483	1.592	1.679	1.776	1.871	1.973	2.103	2.263	2.429	2.581	2.696	2.779	2.842	2.88	2.896	2.889	2.87	2.841	2.815	2.815	2.868	2.955	3.061	3.091	3.107	3.3	4.005	4.985	5.58	6.26	6.713	6.82	6.923	7.018	6.988	6.771	6.516	6.307	5.786	2.705	0.37	5.00e-02	0	0	0	0	0	0	0	0	0	0	0	0	0	0	0	0	0	0	0	0	0	0	0	0	0	0	0	0	0	0	0	0	0	0	0	0	0	0	0	0	0
0	0	0	0	0	0	0	0	0	0	0	0	0	0	0	0	0	0	0	0	0	0	0	0	0	0	0	0	0	0	0	0	0	0	0	0	0	0.14	0.35	0.65	0.979	1.265	1.45	1.562	1.655	1.755	1.848	1.948	2.079	2.24	2.405	2.557	2.672	2.753	2.815	2.858	2.876	2.874	2.863	2.839	2.811	2.805	2.842	2.921	3.027	3.094	3.091	3.209	3.749	4.75	5.337	5.906	6.556	6.774	6.866	6.977	7.015	6.895	6.641	6.414	6.149	4.589	1.04	0.11	0	0	0	0	0	0	0	0	0	0	0	0	0	0	0	0	0	0	0	0	0	0	0	0	0	0	0	0	0	0	0	0	0	0	0	0	0	0	0	0	0	0
0	0	0	0	0	0	0	0	0	0	0	0	0	0	0	0	0	0	0	0	0	0	0	0	0	0	0	0	0	0	0	0	0	0	0	0	0.14	0.36	0.65	0.952	1.227	1.411	1.53	1.628	1.731	1.83	1.933	2.061	2.219	2.381	2.533	2.645	2.727	2.789	2.832	2.853	2.855	2.849	2.833	2.81	2.794	2.822	2.891	2.99	3.07	3.066	3.152	3.545	4.52	5.21	5.68	6.323	6.713	6.808	6.914	7.009	6.975	6.772	6.525	6.294	5.869	2.948	0.37	8.00e-02	0	0	0	0	0	0	0	0	0	0	0	0	0	0	0	0	0	0	0	0	0	0	0	0	0	0	0	0	0	0	0	0	0	0	0	0	0	0	0	0	0	0
0	0	0	0	0	0	0	0	0	0	0	0	0	0	0	0	0	0	0	0	0	0	0	0	0	0	0	0	0	0	0	0	0	0	0	0.14	0.38	0.67	0.963	1.211	1.383	1.497	1.6	1.706	1.809	1.914	2.046	2.204	2.362	2.508	2.623	2.702	2.763	2.807	2.829	2.835	2.831	2.819	2.8	2.789	2.8	2.863	2.954	3.049	3.072	3.095	3.402	4.236	5.073	5.566	6.155	6.655	6.767	6.849	6.961	7.017	6.883	6.642	6.413	6.217	5.577	1.563	0.22	5.00e-02	0	0	0	0	0	0	0	0	0	0	0	0	0	0	0	0	0	0	0	0	0	0	0	0	0	0	0	0	0	0	0	0	0	0	0	0	0	0	0	0	0	0
0	0	0	0	0	0	0	0	0	0	0	0	0	0	0	0	0	0	0	0	0	0	0	0	0	0	0	0	0	0	0	0	0	1.00e-02	0.15	0.39	0.69	0.976	1.213	1.364	1.473	1.571	1.683	1.788	1.897	2.031	2.189	2.346	2.488	2.597	2.678	2.739	2.783	2.805	2.813	2.812	2.803	2.789	2.779	2.792	2.84	2.921	3.018	3.052	3.066	3.242	4	4.933	5.437	5.967	6.579	6.737	6.81	6.913	6.996	6.97	6.766	6.525	6.331	5.961	3.474	0.56	0.13	0	0	0	0	0	0	0	0	0	0	0	0	0	0	0	0	0	0	0	0	0	0	0	0	0	0	0	0	0	0	0	0	0	0	0	0	0	0	0	0	0	0	0
0	0	0	0	0	0	0	0	0	0	0	0	0	0	0	0	0	0	0	0	0	0	0	0	0	0	0	0	0	0	0	0	3.00e-02	0.2	0.44	0.71	0.99	1.211	1.354	1.463	1.563	1.671	1.772	1.881	2.018	2.174	2.33	2.469	2.575	2.653	2.715	2.758	2.782	2.792	2.793	2.786	2.776	2.771	2.788	2.836	2.904	2.992	3.036	3.032	3.183	3.752	4.721	5.326	5.82	6.416	6.704	6.78	6.875	6.972	6.993	6.882	6.641	6.414	6.195	5.089	1.295	0.26	8.00e-02	0	0	0	0	0	0	0	0	0	0	0	0	0	0	0	0	0	0	0	0	0	0	0	0	0	0	0	0	0	0	0	0	0	0	0	0	0	0	0	0	0	0	0
0	0	0	0	0	0	0	0	0	0	0	0	0	0	0	0	0	0	0	0	0	0	0	0	0	0	0	0	0	0	0	5.00e-02	0.25	0.5	0.77	1.016	1.209	1.345	1.444	1.563	1.669	1.767	1.871	2.006	2.16	2.314	2.449	2.551	2.628	2.688	2.735	2.759	2.77	2.774	2.77	2.762	2.761	2.784	2.834	2.904	2.992	3.027	3.008	3.088	3.535	4.566	5.213	5.682	6.275	6.67	6.75	6.835	6.941	6.994	6.922	6.729	6.506	6.317	6.056	3.94	0.6	0.19	0	0	0	0	0	0	0	0	0	0	0	0	0	0	0	0	0	0	0	0	0	0	0	0	0	0	0	0	0	0	0	0	0	0	0	0	0	0	0	0	0	0	0	0
0	0	0	0	0	0	0	0	0	0	0	0	0	0	0	0	0	0	0	0	0	0	0	0	0	0	0	0	0	0	8.00e-02	0.31	0.57	0.832	1.055	1.218	1.339	1.452	1.566	1.673	1.775	1.886	2.017	2.156	2.3	2.429	2.526	2.602	2.663	2.706	2.733	2.748	2.756	2.755	2.751	2.755	2.783	2.836	2.91	2.983	3.017	3.003	3.073	3.382	4.273	5.08	5.566	6.116	6.59	6.721	6.8	6.906	6.979	6.952	6.788	6.569	6.371	6.227	5.505	1.971	0.26	1.00e-01	0	0	0	0	0	0	0	0	0	0	0	0	0	0	0	0	0	0	0	0	0	0	0	0	0	0	0	0	0	0	0	0	0	0	0	0	0	0	0	0	0	0	0	0
0	0	0	0	0	0	0	0	0	0	0	0	0	0	0	0	0	0	0	0	0	0	0	0	0	0	0	0	7.00e-02	0.18	0.37	0.64	0.898	1.099	1.237	1.35	1.456	1.571	1.679	1.785	1.902	2.037	2.172	2.301	2.412	2.505	2.577	2.637	2.681	2.708	2.726	2.736	2.739	2.739	2.748	2.779	2.837	2.909	2.988	2.999	2.984	3.088	3.44	4.217	4.976	5.445	5.968	6.507	6.695	6.77	6.871	6.958	6.967	6.842	6.632	6.416	6.263	5.953	3.582	0.48	0.18	3.00e-02	0	0	0	0	0	0	0	0	0	0	0	0	0	0	0	0	0	0	0	0	0	0	0	0	0	0	0	0	0	0	0	0	0	0	0	0	0	0	0	0	0	0	0	0
0	0	0	0	0	0	0	0	0	0	0	0	0	0	0	0	0	0	0	0	0	0	0	0	0	3.00e-02	0.16	0.29	0.42	0.56	0.73	0.956	1.13	1.26	1.373	1.484	1.591	1.693	1.803	1.929	2.062	2.193	2.315	2.412	2.49	2.556	2.612	2.656	2.684	2.704	2.717	2.723	2.727	2.742	2.782	2.84	2.912	2.979	2.984	2.985	3.099	3.538	4.366	5.012	5.417	5.826	6.373	6.656	6.739	6.834	6.933	6.966	6.885	6.692	6.479	6.305	6.154	4.797	1.255	0.34	0.16	0	0	0	0	0	0	0	0	0	0	0	0	0	0	0	0	0	0	0	0	0	0	0	0	0	0	0	0	0	0	0	0	0	0	0	0	0	0	0	0	0	0	0	0	0
0	0	0	0	0	0	0	0	0	0	0	0	0	0	0	0	0	0	0	0	0	0	1.00e-02	0.14	0.28	0.42	0.55	0.67	0.79	0.903	1.011	1.156	1.286	1.403	1.515	1.62	1.722	1.832	1.956	2.086	2.212	2.323	2.413	2.482	2.542	2.592	2.632	2.662	2.683	2.699	2.709	2.717	2.738	2.782	2.843	2.916	2.973	2.973	2.983	3.152	3.646	4.477	5.071	5.474	5.89	6.346	6.615	6.709	6.799	6.9	6.962	6.914	6.746	6.539	6.352	6.198	5.567	2.587	0.54	0.24	5.00e-02	0	0	0	0	0	0	0	0	0	0	0	0	0	0	0	0	0	0	0	0	0	0	0	0	0	0	0	0	0	0	0	0	0	0	0	0	0	0	0	0	0	0	0	0	0
0	0	0	0	0	0	0	0	0	0	0	0	0	0	0	0	0	0	0	0	0.12	0.27	0.42	0.56	0.68	0.79	0.887	0.974	1.054	1.13	1.209	1.318	1.439	1.552	1.657	1.763	1.878	1.997	2.116	2.232	2.334	2.41	2.477	2.533	2.58	2.615	2.642	2.663	2.681	2.693	2.706	2.736	2.785	2.847	2.921	2.978	2.95	2.973	3.174	3.803	4.628	5.147	5.528	5.947	6.385	6.624	6.691	6.764	6.868	6.943	6.938	6.797	6.595	6.402	6.236	6.042	3.693	0.81	0.33	0.13	0	0	0	0	0	0	0	0	0	0	0	0	0	0	0	0	0	0	0	0	0	0	0	0	0	0	0	0	0	0	0	0	0	0	0	0	0	0	0	0	0	0	0	0	0	0
0	0	0	0	0	0	0	0	0	0	0	0	0	0	0	0	0	1.00e-01	0.25	0.4	0.53	0.65	0.76	0.858	0.942	1.023	1.099	1.173	1.244	1.315	1.386	1.479	1.592	1.7	1.814	1.93	2.044	2.152	2.251	2.335	2.407	2.468	2.524	2.568	2.602	2.629	2.651	2.668	2.682	2.702	2.736	2.788	2.853	2.922	2.951	2.925	2.982	3.282	3.962	4.732	5.216	5.597	6.01	6.411	6.606	6.688	6.763	6.85	6.924	6.935	6.841	6.65	6.45	6.281	6.088	5.107	1.588	0.41	0.21	0	0	0	0	0	0	0	0	0	0	0	0	0	0	0	0	0	0	0	0	0	0	0	0	0	0	0	0	0	0	0	0	0	0	0	0	0	0	0	0	0	0	0	0	0	0	0
0	0	0	0	0	0	0	0	0	0	0	0	0	0	0.11	0.24	0.38	0.51	0.63	0.72	0.82	0.911	0.994	1.072	1.148	1.222	1.295	1.365	1.431	1.498	1.564	1.643	1.751	1.868	1.982	2.092	2.192	2.277	2.345	2.406	2.465	2.515	2.557	2.591	2.619	2.642	2.659	2.675	2.697	2.737	2.792	2.856	2.921	2.942	2.902	2.978	3.359	4.14	4.866	5.282	5.669	6.077	6.447	6.613	6.682	6.76	6.847	6.917	6.933	6.869	6.703	6.503	6.326	6.197	5.743	2.528	0.65	0.29	8.00e-02	0	0	0	0	0	0	0	0	0	0	0	0	0	0	0	0	0	0	0	0	0	0	0	0	0	0	0	0	0	0	0	0	0	0	0	0	0	0	0	0	0	0	0	0	0	0	0
0	0	0	0	0	0	0	0	0	0	7.00e-02	0.19	0.3	0.41	0.51	0.6	0.69	0.79	0.876	0.962	1.045	1.128	1.208	1.282	1.354	1.419	1.487	1.553	1.617	1.682	1.747	1.822	1.925	2.035	2.135	2.223	2.294	2.357	2.411	2.462	2.509	2.547	2.582	2.61	2.634	2.653	2.675	2.704	2.746	2.797	2.86	2.906	2.898	2.892	3.047	3.562	4.381	4.975	5.356	5.744	6.149	6.47	6.606	6.68	6.761	6.847	6.909	6.921	6.855	6.717	6.551	6.373	6.221	5.984	3.872	0.77	0.39	0.17	0	0	0	0	0	0	0	0	0	0	0	0	0	0	0	0	0	0	0	0	0	0	0	0	0	0	0	0	0	0	0	0	0	0	0	0	0	0	0	0	0	0	0	0	0	0	0	0
0	0	0	0	0	0	0	0.13	0.25	0.36	0.45	0.54	0.62	0.7	0.78	0.861	0.943	1.028	1.111	1.19	1.267	1.346	1.42	1.492	1.56	1.625	1.69	1.752	1.814	1.874	1.933	1.999	2.084	2.173	2.246	2.311	2.367	2.421	2.467	2.507	2.542	2.576	2.605	2.631	2.654	2.681	2.717	2.762	2.815	2.868	2.888	2.861	2.9	3.151	3.805	4.607	5.089	5.446	5.822	6.207	6.494	6.607	6.681	6.762	6.844	6.905	6.91	6.84	6.701	6.543	6.386	6.255	6.122	4.86	1.618	0.48	0.26	0	0	0	0	0	0	0	0	0	0	0	0	0	0	0	0	0	0	0	0	0	0	0	0	0	0	0	0	0	0	0	0	0	0	0	0	0	0	0	0	0	0	0	0	0	0	0	0	0
0	0	0	0	0.14	0.26	0.38	0.48	0.57	0.66	0.74	0.81	0.89	0.966	1.038	1.107	1.189	1.267	1.345	1.421	1.498	1.571	1.641	1.709	1.771	1.829	1.886	1.94	1.996	2.045	2.093	2.142	2.201	2.265	2.325	2.38	2.43	2.474	2.512	2.547	2.577	2.604	2.631	2.658	2.691	2.731	2.784	2.838	2.873	2.855	2.835	2.915	3.236	4.066	4.787	5.19	5.556	5.928	6.294	6.514	6.607	6.681	6.764	6.847	6.898	6.9	6.822	6.685	6.531	6.372	6.245	6.178	5.714	2.594	0.64	0.34	9.00e-02	0	0	0	0	0	0	0	0	0	0	0	0	0	0	0	0	0	0	0	0	0	0	0	0	0	0	0	0	0	0	0	0	0	0	0	0	0	0	0	0	0	0	0	0	0	0	0	0	0
1.00e-02	0.14	0.26	0.38	0.49	0.59	0.69	0.78	0.873	0.948	1.021	1.093	1.162	1.231	1.298	1.365	1.438	1.512	1.584	1.65	1.714	1.775	1.834	1.892	1.94	1.987	2.032	2.076	2.119	2.161	2.201	2.241	2.285	2.341	2.393	2.441	2.483	2.52	2.554	2.584	2.611	2.638	2.671	2.708	2.754	2.806	2.843	2.846	2.829	2.874	3.05	3.549	4.31	4.905	5.293	5.663	6.027	6.343	6.519	6.604	6.682	6.767	6.844	6.891	6.879	6.801	6.667	6.516	6.364	6.244	6.167	5.587	3.171	0.969	0.45	0.21	0	0	0	0	0	0	0	0	0	0	0	0	0	0	0	0	0	0	0	0	0	0	0	0	0	0	0	0	0	0	0	0	0	0	0	0	0	0	0	0	0	0	0	0	0	0	0	0	0	0
0.4	0.51	0.62	0.72	0.82	0.909	1.003	1.092	1.17	1.242	1.306	1.369	1.431	1.49	1.548	1.602	1.663	1.721	1.778	1.829	1.88	1.928	1.976	2.021	2.064	2.102	2.142	2.18	2.216	2.253	2.29	2.325	2.363	2.409	2.454	2.496	2.533	2.566	2.595	2.624	2.654	2.688	2.728	2.776	2.823	2.834	2.811	2.821	2.93	3.274	3.921	4.584	5.038	5.397	5.77	6.114	6.386	6.525	6.603	6.683	6.771	6.845	6.885	6.865	6.78	6.645	6.5	6.351	6.236	6.144	5.833	3.28	0.81	0.49	0.3	0	0	0	0	0	0	0	0	0	0	0	0	0	0	0	0	0	0	0	0	0	0	0	0	0	0	0	0	0	0	0	0	0	0	0	0	0	0	0	0	0	0	0	0	0	0	0	0	0	0	0
0.77	0.873	0.969	1.061	1.146	1.227	1.301	1.372	1.434	1.491	1.542	1.591	1.639	1.687	1.733	1.778	1.826	1.874	1.92	1.965	2.008	2.051	2.093	2.133	2.17	2.204	2.24	2.273	2.306	2.339	2.371	2.402	2.434	2.473	2.513	2.549	2.582	2.612	2.643	2.677	2.713	2.755	2.795	2.816	2.797	2.788	2.865	3.128	3.661	4.338	4.864	5.212	5.551	5.88	6.183	6.408	6.521	6.603	6.687	6.773	6.845	6.874	6.846	6.756	6.624	6.481	6.335	6.233	6.158	5.599	3.206	1.156	0.54	0.32	2.00e-02	0	0	0	0	0	0	0	0	0	0	0	0	0	0	0	0	0	0	0	0	0	0	0	0	0	0	0	0	0	0	0	0	0	0	0	0	0	0	0	0	0	0	0	0	0	0	0	0	0	0	0
1.13	1.206	1.28	1.35	1.417	1.477	1.537	1.593	1.644	1.689	1.731	1.769	1.81	1.851	1.889	1.929	1.97	2.012	2.052	2.091	2.129	2.165	2.202	2.238	2.27	2.301	2.331	2.36	2.389	2.418	2.448	2.475	2.503	2.536	2.57	2.603	2.636	2.67	2.706	2.745	2.782	2.798	2.781	2.773	2.822	3.016	3.462	4.107	4.686	5.073	5.411	5.726	6.015	6.249	6.421	6.522	6.605	6.69	6.776	6.838	6.863	6.824	6.732	6.601	6.461	6.324	6.219	6.124	5.619	3.332	0.912	0.56	0.34	2.00e-02	0	0	0	0	0	0	0	0	0	0	0	0	0	0	0	0	0	0	0	0	0	0	0	0	0	0	0	0	0	0	0	0	0	0	0	0	0	0	0	0	0	0	0	0	0	0	0	0	0	0	0	0
1.419	1.481	1.537	1.592	1.648	1.697	1.745	1.792	1.834	1.873	1.906	1.937	1.971	2.006	2.038	2.068	2.104	2.14	2.176	2.21	2.242	2.274	2.305	2.337	2.365	2.392	2.418	2.444	2.469	2.495	2.522	2.546	2.57	2.599	2.631	2.663	2.702	2.738	2.769	2.78	2.765	2.761	2.795	2.939	3.316	3.954	4.545	4.959	5.283	5.603	5.913	6.144	6.334	6.449	6.533	6.609	6.695	6.777	6.833	6.842	6.8	6.698	6.573	6.439	6.303	6.213	6.147	5.545	3.113	1.184	0.57	0.36	2.00e-02	0	0	0	0	0	0	0	0	0	0	0	0	0	0	0	0	0	0	0	0	0	0	0	0	0	0	0	0	0	0	0	0	0	0	0	0	0	0	0	0	0	0	0	0	0	0	0	0	0	0	0	0	0
1.684	1.732	1.778	1.822	1.866	1.906	1.946	1.984	2.018	2.047	2.073	2.099	2.126	2.153	2.18	2.205	2.235	2.266	2.295	2.323	2.351	2.379	2.407	2.434	2.459	2.482	2.505	2.529	2.551	2.573	2.595	2.619	2.641	2.665	2.695	2.729	2.752	2.757	2.743	2.75	2.8	2.965	3.322	3.838	4.399	4.878	5.191	5.504	5.8	6.045	6.242	6.381	6.478	6.556	6.631	6.704	6.774	6.821	6.82	6.766	6.667	6.544	6.414	6.282	6.192	6.116	5.458	3.144	1.119	0.62	0.36	1.00e-02	0	0	0	0	0	0	0	0	0	0	0	0	0	0	0	0	0	0	0	0	0	0	0	0	0	0	0	0	0	0	0	0	0	0	0	0	0	0	0	0	0	0	0	0	0	0	0	0	0	0	0	0	0	0
1.939	1.976	2.013	2.045	2.078	2.111	2.142	2.173	2.199	2.22	2.239	2.259	2.278	2.299	2.319	2.339	2.364	2.39	2.415	2.439	2.462	2.487	2.51	2.534	2.553	2.572	2.592	2.614	2.632	2.651	2.67	2.689	2.708	2.728	2.746	2.738	2.722	2.721	2.785	2.961	3.279	3.863	4.392	4.817	5.123	5.432	5.73	5.986	6.173	6.321	6.426	6.507	6.581	6.654	6.726	6.784	6.811	6.8	6.738	6.637	6.518	6.39	6.261	6.153	6.139	5.472	2.976	1.163	0.61	0.36	0	0	0	0	0	0	0	0	0	0	0	0	0	0	0	0	0	0	0	0	0	0	0	0	0	0	0	0	0	0	0	0	0	0	0	0	0	0	0	0	0	0	0	0	0	0	0	0	0	0	0	0	0	0	0	0
2.173	2.194	2.216	2.236	2.256	2.278	2.296	2.316	2.333	2.345	2.359	2.375	2.39	2.409	2.426	2.445	2.461	2.477	2.497	2.512	2.526	2.544	2.558	2.572	2.59	2.606	2.617	2.628	2.642	2.654	2.664	2.672	2.683	2.687	2.684	2.71	2.801	3.048	3.44	3.945	4.436	4.81	5.113	5.402	5.679	5.927	6.115	6.261	6.372	6.46	6.536	6.61	6.682	6.745	6.787	6.798	6.767	6.703	6.606	6.489	6.367	6.245	6.143	6.176	5.46	2.721	1.13	0.65	0.36	0	0	0	0	0	0	0	0	0	0	0	0	0	0	0	0	0	0	0	0	0	0	0	0	0	0	0	0	0	0	0	0	0	0	0	0	0	0	0	0	0	0	0	0	0	0	0	0	0	0	0	0	0	0	0	0	0
2.568	2.601	2.602	2.616	2.634	2.634	2.665	2.661	2.668	2.633	2.609	2.579	2.562	2.541	2.532	2.524	2.538	2.567	2.574	2.584	2.606	2.61	2.625	2.646	2.659	2.662	2.681	2.703	2.717	2.716	2.715	2.748	2.789	2.801	2.863	3.097	3.584	4.074	4.521	4.87	5.159	5.419	5.683	5.906	6.085	6.214	6.327	6.418	6.496	6.57	6.64	6.708	6.76	6.788	6.777	6.735	6.661	6.568	6.461	6.344	6.226	6.139	6.125	5.469	2.816	0.966	0.66	0.35	0	0	0	0	0	0	0	0	0	0	0	0	0	0	0	0	0	0	0	0	0	0	0	0	0	0	0	0	0	0	0	0	0	0	0	0	0	0	0	0	0	0	0	0	0	0	0	0	0	0	0	0	0	0	0	0	0	0
3.779	3.755	3.795	3.795	3.806	3.85	3.824	3.877	3.841	3.816	3.722	3.651	3.57	3.491	3.416	3.337	3.331	3.347	3.357	3.365	3.381	3.398	3.422	3.451	3.475	3.479	3.49	3.509	3.531	3.548	3.575	3.626	3.68	3.724	3.858	4.285	4.656	4.957	5.199	5.477	5.729	5.934	6.08	6.2	6.299	6.384	6.461	6.535	6.606	6.674	6.732	6.769	6.781	6.749	6.692	6.614	6.52	6.42	6.313	6.208	6.113	6.174	5.598	2.593	1.083	0.71	0.35	0	0	0	0	0	0	0	0	0	0	0	0	0	0	0	0	0	0	0	0	0	0	0	0	0	0	0	0	0	0	0	0	0	0	0	0	0	0	0	0	0	0	0	0	0	0	0	0	0	0	0	0	0	0	0	0	0	0	0
4.604	4.624	4.625	4.636	4.649	4.651	4.669	4.672	4.67	4.633	4.591	4.548	4.514	4.48	4.454	4.421	4.428	4.433	4.456	4.473	4.475	4.506	4.533	4.552	4.578	4.594	4.599	4.611	4.632	4.661	4.696	4.725	4.754	4.787	4.847	5.049	5.308	5.546	5.771	5.953	6.093	6.191	6.283	6.366	6.44	6.509	6.576	6.641	6.702	6.745	6.767	6.753	6.71	6.644	6.561	6.47	6.372	6.279	6.2	6.155	6.162	5.308	2.672	1.143	0.72	0.34	0	0	0	0	0	0	0	0	0	0	0	0	0	0	0	0	0	0	0	0	0	0	0	0	0	0	0	0	0	0	0	0	0	0	0	0	0	0	0	0	0	0	0	0	0	0	0	0	0	0	0	0	0	0	0	0	0	0	0	0
5.82	5.785	5.783	5.77	5.748	5.761	5.724	5.73	5.691	5.631	5.551	5.475	5.398	5.329	5.268	5.206	5.198	5.215	5.222	5.227	5.239	5.245	5.259	5.281	5.304	5.31	5.319	5.337	5.352	5.367	5.392	5.422	5.449	5.48	5.514	5.649	5.86	6.009	6.112	6.195	6.279	6.355	6.427	6.496	6.56	6.621	6.678	6.726	6.754	6.755	6.722	6.666	6.594	6.51	6.418	6.322	6.242	6.175	6.131	5.977	5.125	2.608	1.14	0.77	0.33	0	0	0	0	0	0	0	0	0	0	0	0	0	0	0	0	0	0	0	0	0	0	0	0	0	0	0	0	0	0	0	0	0	0	0	0	0	0	0	0	0	0	0	0	0	0	0	0	0	0	0	0	0	0	0	0	0	0	0	0	0
6.368	6.354	6.346	6.335	6.322	6.318	6.3	6.293	6.276	6.247	6.208	6.168	6.125	6.085	6.043	5.999	5.978	5.968	5.966	5.961	5.952	5.952	5.959	5.96	5.958	5.95	5.95	5.958	5.961	5.957	5.957	5.973	5.988	5.998	5.998	6.039	6.121	6.205	6.28	6.353	6.423	6.488	6.551	6.611	6.666	6.708	6.736	6.739	6.72	6.674	6.613	6.538	6.454	6.365	6.275	6.207	6.155	6.115	5.826	4.406	2.426	1.254	0.78	0.3	0	0	0	0	0	0	0	0	0	0	0	0	0	0	0	0	0	0	0	0	0	0	0	0	0	0	0	0	0	0	0	0	0	0	0	0	0	0	0	0	0	0	0	0	0	0	0	0	0	0	0	0	0	0	0	0	0	0	0	0	0	0
6.395	6.404	6.402	6.402	6.403	6.4	6.401	6.399	6.397	6.392	6.386	6.375	6.364	6.35	6.334	6.315	6.303	6.293	6.287	6.278	6.269	6.264	6.256	6.249	6.245	6.239	6.231	6.223	6.219	6.215	6.214	6.211	6.209	6.212	6.207	6.212	6.284	6.358	6.425	6.489	6.548	6.606	6.657	6.699	6.724	6.731	6.714	6.675	6.623	6.557	6.481	6.398	6.311	6.231	6.181	6.134	6.05	5.471	3.824	2.025	1.091	0.65	0.27	0	0	0	0	0	0	0	0	0	0	0	0	0	0	0	0	0	0	0	0	0	0	0	0	0	0	0	0	0	0	0	0	0	0	0	0	0	0	0	0	0	0	0	0	0	0	0	0	0	0	0	0	0	0	0	0	0	0	0	0	0	0	0
6.398	6.402	6.405	6.408	6.411	6.413	6.417	6.418	6.42	6.42	6.419	6.417	6.415	6.411	6.407	6.401	6.4	6.398	6.396	6.393	6.39	6.388	6.386	6.384	6.383	6.38	6.377	6.375	6.373	6.371	6.371	6.372	6.373	6.376	6.38	6.384	6.432	6.494	6.553	6.606	6.656	6.692	6.717	6.726	6.703	6.668	6.619	6.562	6.495	6.422	6.339	6.256	6.184	6.155	6.095	6.019	4.97	2.992	1.599	0.983	0.58	8.00e-02	0	0	0	0	0	0	0	0	0	0	0	0	0	0	0	0	0	0	0	0	0	0	0	0	0	0	0	0	0	0	0	0	0	0	0	0	0	0	0	0	0	0	0	0	0	0	0	0	0	0	0	0	0	0	0	0	0	0	0	0	0	0	0	0
6.46	6.464	6.468	6.472	6.476	6.479	6.483	6.488	6.49	6.49	6.488	6.487	6.484	6.482	6.479	6.475	6.476	6.479	6.48	6.481	6.482	6.485	6.486	6.488	6.49	6.493	6.494	6.495	6.497	6.499	6.501	6.505	6.51	6.516	6.522	6.527	6.56	6.61	6.653	6.686	6.707	6.706	6.693	6.655	6.609	6.555	6.495	6.428	6.356	6.281	6.211	6.16	6.137	6.078	5.604	4.183	2.434	1.368	0.848	0.41	0	0	0	0	0	0	0	0	0	0	0	0	0	0	0	0	0	0	0	0	0	0	0	0	0	0	0	0	0	0	0	0	0	0	0	0	0	0	0	0	0	0	0	0	0	0	0	0	0	0	0	0	0	0	0	0	0	0	0	0	0	0	0	0	0	0
6.497	6.502	6.508	6.514	6.519	6.528	6.53	6.537	6.542	6.547	6.551	6.553	6.556	6.558	6.56	6.559	6.562	6.565	6.568	6.572	6.575	6.579	6.583	6.587	6.591	6.595	6.598	6.6	6.604	6.608	6.614	6.619	6.625	6.631	6.638	6.643	6.66	6.685	6.698	6.699	6.674	6.638	6.594	6.544	6.488	6.424	6.358	6.29	6.227	6.189	6.137	6.12	5.98	5.291	3.332	1.592	1.138	0.72	0.22	0	0	0	0	0	0	0	0	0	0	0	0	0	0	0	0	0	0	0	0	0	0	0	0	0	0	0	0	0	0	0	0	0	0	0	0	0	0	0	0	0	0	0	0	0	0	0	0	0	0	0	0	0	0	0	0	0	0	0	0	0	0	0	0	0	0	0
6.488	6.492	6.495	6.498	6.502	6.503	6.508	6.512	6.515	6.523	6.531	6.542	6.553	6.564	6.574	6.585	6.59	6.595	6.601	6.607	6.613	6.618	6.623	6.629	6.634	6.638	6.643	6.646	6.65	6.657	6.661	6.664	6.67	6.677	6.678	6.68	6.685	6.674	6.649	6.613	6.572	6.525	6.472	6.414	6.352	6.287	6.224	6.195	6.149	6.101	6.051	5.561	4.278	2.556	1.465	0.919	0.49	0	0	0	0	0	0	0	0	0	0	0	0	0	0	0	0	0	0	0	0	0	0	0	0	0	0	0	0	0	0	0	0	0	0	0	0	0	0	0	0	0	0	0	0	0	0	0	0	0	0	0	0	0	0	0	0	0	0	0	0	0	0	0	0	0	0	0	0	0
6.237	6.262	6.303	6.334	6.35	6.384	6.392	6.411	6.429	6.453	6.475	6.49	6.501	6.51	6.52	6.53	6.538	6.544	6.55	6.556	6.561	6.567	6.572	6.577	6.582	6.587	6.593	6.598	6.601	6.604	6.609	6.611	6.612	6.614	6.614	6.615	6.612	6.587	6.544	6.501	6.452	6.398	6.339	6.279	6.228	6.174	6.155	6.116	6.024	5.757	4.741	3.3	1.898	1.168	0.73	0.23	0	0	0	0	0	0	0	0	0	0	0	0	0	0	0	0	0	0	0	0	0	0	0	0	0	0	0	0	0	0	0	0	0	0	0	0	0	0	0	0	0	0	0	0	0	0	0	0	0	0	0	0	0	0	0	0	0	0	0	0	0	0	0	0	0	0	0	0	0	0
5.473	5.543	5.619	5.687	5.747	5.812	5.869	5.926	5.99	6.071	6.157	6.229	6.293	6.344	6.39	6.43	6.443	6.446	6.455	6.467	6.475	6.476	6.479	6.483	6.488	6.493	6.495	6.497	6.499	6.501	6.503	6.505	6.504	6.502	6.501	6.499	6.497	6.474	6.426	6.373	6.32	6.266	6.219	6.173	6.156	6.125	6.031	5.905	5.048	3.636	2.417	1.507	0.912	0.49	0	0	0	0	0	0	0	0	0	0	0	0	0	0	0	0	0	0	0	0	0	0	0	0	0	0	0	0	0	0	0	0	0	0	0	0	0	0	0	0	0	0	0	0	0	0	0	0	0	0	0	0	0	0	0	0	0	0	0	0	0	0	0	0	0	0	0	0	0	0	0	0
4.992	5.05	5.09	5.134	5.194	5.235	5.3	5.353	5.409	5.498	5.59	5.697	5.799	5.89	5.978	6.061	6.103	6.13	6.158	6.188	6.216	6.232	6.25	6.267	6.283	6.298	6.308	6.317	6.327	6.334	6.339	6.347	6.352	6.352	6.354	6.356	6.359	6.345	6.296	6.249	6.192	6.171	6.129	6.121	6.055	5.787	5.189	3.955	2.617	1.695	1.115	0.6	0.14	0	0	0	0	0	0	0	0	0	0	0	0	0	0	0	0	0	0	0	0	0	0	0	0	0	0	0	0	0	0	0	0	0	0	0	0	0	0	0	0	0	0	0	0	0	0	0	0	0	0	0	0	0	0	0	0	0	0	0	0	0	0	0	0	0	0	0	0	0	0	0	0	0
5.062	5.088	5.122	5.151	5.177	5.18	5.218	5.243	5.259	5.297	5.325	5.371	5.416	5.474	5.542	5.622	5.683	5.729	5.77	5.81	5.849	5.886	5.921	5.955	5.984	6.014	6.041	6.063	6.085	6.104	6.122	6.139	6.155	6.167	6.179	6.192	6.209	6.21	6.184	6.145	6.136	6.108	6.099	5.779	5.366	4.024	2.544	1.731	1.216	0.67	0.26	0	0	0	0	0	0	0	0	0	0	0	0	0	0	0	0	0	0	0	0	0	0	0	0	0	0	0	0	0	0	0	0	0	0	0	0	0	0	0	0	0	0	0	0	0	0	0	0	0	0	0	0	0	0	0	0	0	0	0	0	0	0	0	0	0	0	0	0	0	0	0	0	0	0	0
3.623	3.793	3.99	4.186	4.35	4.559	4.694	4.849	5.068	5.204	5.386	5.434	5.482	5.51	5.529	5.545	5.576	5.613	5.64	5.658	5.679	5.719	5.758	5.787	5.808	5.832	5.877	5.903	5.918	5.949	5.978	5.994	6.021	6.045	6.061	6.09	6.112	6.129	6.137	6.102	6.003	5.833	5.073	4.038	2.82	1.878	1.247	0.79	0.29	0	0	0	0	0	0	0	0	0	0	0	0	0	0	0	0	0	0	0	0	0	0	0	0	0	0	0	0	0	0	0	0	0	0	0	0	0	0	0	0	0	0	0	0	0	0	0	0	0	0	0	0	0	0	0	0	0	0	0	0	0	0	0	0	0	0	0	0	0	0	0	0	0	0	0	0	0
2.168	2.198	2.213	2.235	2.353	2.353	2.535	2.696	2.846	3.19	3.584	4.057	4.515	4.867	5.146	5.369	5.42	5.458	5.523	5.605	5.674	5.695	5.722	5.759	5.797	5.819	5.823	5.869	5.87	5.902	5.948	5.939	5.968	6.006	6	6.026	6.061	6.038	5.95	5.719	4.909	3.832	2.769	1.752	1.222	0.831	0.26	0	0	0	0	0	0	0	0	0	0	0	0	0	0	0	0	0	0	0	0	0	0	0	0	0	0	0	0	0	0	0	0	0	0	0	0	0	0	0	0	0	0	0	0	0	0	0	0	0	0	0	0	0	0	0	0	0	0	0	0	0	0	0	0	0	0	0	0	0	0	0	0	0	0	0	0	0	0	0
2.11	2.096	2.091	2.087	2.077	2.08	2.071	2.067	2.081	2.068	2.095	2.149	2.245	2.4	2.618	2.992	3.284	3.462	3.627	3.8	3.992	4.154	4.28	4.412	4.569	4.695	4.725	4.895	4.992	4.966	5.101	5.134	5.043	5.157	5.095	5.013	5.061	4.909	4.642	3.458	2.45	1.727	1.132	0.78	0.25	0	0	0	0	0	0	0	0	0	0	0	0	0	0	0	0	0	0	0	0	0	0	0	0	0	0	0	0	0	0	0	0	0	0	0	0	0	0	0	0	0	0	0	0	0	0	0	0	0	0	0	0	0	0	0	0	0	0	0	0	0	0	0	0	0	0	0	0	0	0	0	0	0	0	0	0	0	0	0	0	0
1.931	1.921	1.915	1.908	1.9	1.894	1.885	1.878	1.877	1.883	1.893	1.907	1.921	1.93	1.941	1.951	1.977	1.996	2.022	2.026	2.025	2.101	2.164	2.208	2.239	2.287	2.407	2.358	2.46	2.508	2.426	2.543	2.55	2.463	2.516	2.428	2.376	2.405	2.16	1.633	1.123	0.58	0.12	0	0	0	0	0	0	0	0	0	0	0	0	0	0	0	0	0	0	0	0	0	0	0	0	0	0	0	0	0	0	0	0	0	0	0	0	0	0	0	0	0	0	0	0	0	0	0	0	0	0	0	0	0	0	0	0	0	0	0	0	0	0	0	0	0	0	0	0	0	0	0	0	0	0	0	0	0	0	0	0	0	0	0
1.739	1.727	1.715	1.701	1.688	1.673	1.662	1.648	1.635	1.631	1.629	1.638	1.643	1.652	1.663	1.677	1.677	1.668	1.661	1.648	1.637	1.63	1.613	1.601	1.586	1.569	1.547	1.542	1.524	1.497	1.471	1.44	1.406	1.344	1.281	1.232	1.096	0.989	0.91	0.42	0	0	0	0	0	0	0	0	0	0	0	0	0	0	0	0	0	0	0	0	0	0	0	0	0	0	0	0	0	0	0	0	0	0	0	0	0	0	0	0	0	0	0	0	0	0	0	0	0	0	0	0	0	0	0	0	0	0	0	0	0	0	0	0	0	0	0	0	0	0	0	0	0	0	0	0	0	0	0	0	0	0	0	0	0	0
1.606	1.588	1.569	1.549	1.528	1.507	1.487	1.465	1.445	1.429	1.417	1.405	1.396	1.386	1.377	1.369	1.353	1.333	1.311	1.288	1.265	1.236	1.205	1.172	1.133	1.084	1.038	1	0.934	0.881	0.8	0.7	0.6	0.48	0.33	0.16	0	0	0	0	0	0	0	0	0	0	0	0	0	0	0	0	0	0	0	0	0	0	0	0	0	0	0	0	0	0	0	0	0	0	0	0	0	0	0	0	0	0	0	0	0	0	0	0	0	0	0	0	0	0	0	0	0	0	0	0	0	0	0	0	0	0	0	0	0	0	0	0	0	0	0	0	0	0	0	0	0	0	0	0	0	0	0	0	0	0
1.482	1.457	1.43	1.403	1.374	1.346	1.315	1.281	1.25	1.221	1.197	1.168	1.145	1.116	1.087	1.058	1.017	0.972	0.926	0.876	0.825	0.76	0.7	0.61	0.52	0.42	0.32	0.22	0.13	0	0	0	0	0	0	0	0	0	0	0	0	0	0	0	0	0	0	0	0	0	0	0	0	0	0	0	0	0	0	0	0	0	0	0	0	0	0	0	0	0	0	0	0	0	0	0	0	0	0	0	0	0	0	0	0	0	0	0	0	0	0	0	0	0	0	0	0	0	0	0	0	0	0	0	0	0	0	0	0	0	0	0	0	0	0	0	0	0	0	0	0	0	0	0	0	0
1.339	1.299	1.259	1.218	1.171	1.124	1.074	1.02	0.964	0.914	0.864	0.82	0.76	0.72	0.65	0.6	0.53	0.46	0.38	0.3	0.22	0.11	1.00e-02	0	0	0	0	0	0	0	0	0	0	0	0	0	0	0	0	0	0	0	0	0	0	0	0	0	0	0	0	0	0	0	0	0	0	0	0	0	0	0	0	0	0	0	0	0	0	0	0	0	0	0	0	0	0	0	0	0	0	0	0	0	0	0	0	0	0	0	0	0	0	0	0	0	0	0	0	0	0	0	0	0	0	0	0	0	0	0	0	0	0	0	0	0	0	0	0	0	0	0	0	0	0	0
1.125	1.079	1.028	0.974	0.92	0.858	0.8	0.73	0.66	0.58	0.5	0.42	0.34	0.24	0.14	4.00e-02	0	0	0	0	0	0	0	0	0	0	0	0	0	0	0	0	0	0	0	0	0	0	0	0	0	0	0	0	0	0	0	0	0	0	0	0	0	0	0	0	0	0	0	0	0	0	0	0	0	0	0	0	0	0	0	0	0	0	0	0	0	0	0	0	0	0	0	0	0	0	0	0	0	0	0	0	0	0	0	0	0	0	0	0	0	0	0	0	0	0	0	0	0	0	0	0	0	0	0	0	0	0	0	0	0	0	0	0	0	0
0.95	0.877	0.8	0.72	0.6	0.48	0.35	0.21	8.00e-02	0	0	0	0	0	0	0	0	0	0	0	0	0	0	0	0	0	0	0	0	0	0	0	0	0	0	0	0	0	0	0	0	0	0	0	0	0	0	0	0	0	0	0	0	0	0	0	0	0	0	0	0	0	0	0	0	0	0	0	0	0	0	0	0	0	0	0	0	0	0	0	0	0	0	0	0	0	0	0	0	0	0	0	0	0	0	0	0	0	0	0	0	0	0	0	0	0	0	0	0	0	0	0	0	0	0	0	0	0	0	0	0	0	0	0	0	0
0.42	0.29	0.15	1.00e-02	0	0	0	0	0	0	0	0	0	0	0	0	0	0	0	0	0	0	0	0	0	0	0	0	0	0	0	0	0	0	0	0	0	0	0	0	0	0	0	0	0	0	0	0	0	0	0	0	0	0	0	0	0	0	0	0	0	0	0	0	0	0	0	0	0	0	0	0	0	0	0	0	0	0	0	0	0	0	0	0	0	0	0	0	0	0	0	0	0	0	0	0	0	0	0	0	0	0	0	0	0	0	0	0	0	0	0	0	0	0	0	0	0	0	0	0	0	0	0	0	0	0
0	0	0	0	0	0	0	0	0	0	0	0	0	0	0	0	0	0	0	0	0	0	0	0	0	0	0	0	0	0	0	0	0	0	0	0	0	0	0	0	0	0	0	0	0	0	0	0	0	0	0	0	0	0	0	0	0	0	0	0	0	0	0	0	0	0	0	0	0	0	0	0	0	0	0	0	0	0	0	0	0	0	0	0	0	0	0	0	0	0	0	0	0	0	0	0	0	0	0	0	0	0	0	0	0	0	0	0	0	0	0	0	0	0	0	0	0	0	0	0	0	0	0	0	0	0
0	0	0	0	0	0	0	0	0	0	0	0	0	0	0	0	0	0	0	0	0	0	0	0	0	0	0	0	0	0	0	0	0	0	0	0	0	0	0	0	0	0	0	0	0	0	0	0	0	0	0	0	0	0	0	0	0	0	0	0	0	0	0	0	0	0	0	0	0	0	0	0	0	0	0	0	0	0	0	0	0	0	0	0	0	0	0	0	0	0	0	0	0	0	0	0	0	0	0	0	0	0	0	0	0	0	0	0	0	0	0	0	0	0	0	0	0	0	0	0	0	0	0	0	0	0
0	0	0	0	0	0	0	0	0	0	0	0	0	0	0	0	0	0	0	0	0	0	0	0	0	0	0	0	0	0	0	0	0	0	0	0	0	0	0	0	0	0	0	0	0	0	0	0	0	0	0	0	0	0	0	0	0	0	0	0	0	0	0	0	0	0	0	0	0	0	0	0	0	0	0	0	0	0	0	0	0	0	0	0	0	0	0	0	0	0	0	0	0	0	0	0	0	0	0	0	0	0	0	0	0	0	0	0	0	0	0	0	0	0	0	0	0	0	0	0	0	0	0	0	0	0
0	0	0	0	0	0	0	0	0	0	0	0	0	0	0	0	0	0	0	0	0	0	0	0	0	0	0	0	0	0	0	0	0	0	0	0	0	0	0	0	0	0	0	0	0	0	0	0	0	0	0	0	0	0	0	0	0	0	0	0	0	0	0	0	0	0	0	0	0	0	0	0	0	0	0	0	0	0	0	0	0	0	0	0	0	0	0	0	0	0	0	0	0	0	0	0	0	0	0	0	0	0	0	0	0	0	0	0	0	0	0	0	0	0	0	0	0	0	0	0	0	0	0	0	0	0
