-1000
-3000
-5000
-6060
-6310
-6290
-5850
-4930
-4090
-3820
-4170
-4620
-5220
-5800
-5860
-6480
-6750
-7020
-6650
-5900
-5260
-4370
-3360
-4010
-4240
-4510
-5200
-5430
-5390
-5540
-5560
-5390
-4280
-4060
-3810
-4310
-4960
-5440
-5890
-6060
-6050
-6600
-6840
-6660
-6070
-4760
-3810
-3800
-3590
-3890
-4430
-4790
-5280
-5730
-5520
-5690
-4490
-3820
-3600
-3560
-4380
-5050
-5320
-5490
-5710
-5900
-6010
-6300
-6660
-5830
-4440
-3120
-3010
-3490
-3860
-4870
-5380
-5330
-5590
-5820
-5280
-4780
-3450
-3480
-3750
-4620
-4820
-5380
-5810
-6220
-6160
-6710
-6450
-6250
-4860
-3860
-3070
-3250
-3400
-4290
-4700
-5310
-5560
-5800
-5480
-5440
-3900
-3570
-3360
-3870
-4560
-5400
-5850
-6010
-6290
-6610
-6560
-6360
-5970
-4530
-3470
-3180
-3260
-3450
-4510
-4590
-5520
-5880
-5670
-5480
-4710
-4350
-3760
-3660
-4630
-5230
-5480
-6240
-6290
-6400
-6800
-6540
-6350
-6280
-4310
-3290
-3000
-3970
-4520
-4910
-5230
-6150
-5960
-5880
-5610
-4830
-4200
-4020
-4520
-5100
-5270
-5660
-6020
-6500
-6530
-6170
-6720
-6350
-5490
-3520
-3400
-3270
-3360
-3880
-4600
-5180
-5130
-5610
-5510
-5910
-5230
-4170
-3630
-4390
-5000
-5490
-5900
-6090
-6300
-6220
-6420
-6300
-5270
-3550
-3080
-2800
-2870
-3160
-3770
-4600
-5340
-5400
-5430
-5680
-5970
-5740
-5230
-4770
-5120
-5390
-5630
-6070
-5800
-5880
-6560
-6350
-6530
-4080
-3200
-3010
-2760
-3050
-3660
-4270
-4870
-5050
-5440
-5660
-5610
-5620
-5590
-5490
-5150
-5320
-5430
-5680
-6050
-6040
-6020
-6200
-6180
-5710
-4400
-2910
-2710
-2500
-2680
-3450
-4170
-4940
-5280
-5150
-5620
-5800
-5350
-5820
-4800
-4650
-5390
-4880
-5310
-5130
-5600
-4980
-4840
-5460
-4870
-4170
-2880
-2560
-2630
-2760
-3290
-4270
-4670
-5020
-5190
-5540
-5650
-5460
-5440
-5310
-4890
-3720
-3660
-3900
-4000
-4830
-4910
-4910
-5160
-4490
-4170
-2910
-2670
-2930
-3060
-3790
-4030
-4550
-4950
-5150
-5450
-5120
-5220
-5610
-5130
-4010
-3580
-3410
-3620
-4060
-4130
-4860
-4880
-4870
-4670
-3800
-3260
-2600
-3000
-3460
-3900
-4030
-4690
-5330
-5330
-6100
-5850
-5760
-5720
-4380
-3370
-2900
-2660
-3010
-3760
-4270
-4580
-4630
-4750
-4540
-3570
-3190
-2840
-3000
-3440
-4110
-5060
-5090
-5670
-6220
-6460
-6320
-6110
-5580
-3460
-2790
-2640
-2820
-3000
-3540
-4210
-4590
-4550
-4490
-4100
-3750
-2980
-2860
-3020
-3980
-4550
-4630
-5100
-5790
-5910
-5800
-5860
-5890
-5100
-2730
-2330
-2430
-2510
-3050
-4030
-4410
-4440
-5010
-4820
-3950
-3490
-2750
-3240
-3470
-3810
-4580
-5020
-5280
-5160
-5440
-6470
-5980
-5480
-3310
-2290
-2590
-2120
-2600
-3270
-4030
-4640
-4620
-4950
-4260
-3320
-2890
-2580
-2820
-3490
-4430
-4890
-4880
-5280
-6090
-6430
-6230
-5380
-5610
-3120
-2580
-2620
-2440
-3030
-4140
-4580
-4870
-4820
-4660
-4180
-2920
-2010
-2210
-3270
-3610
-4490
-5350
-5580
-6200
-6430
-5920
-5990
-6100
-3840
-2630
-2080
-1740
-2430
-3360
-4220
-4630
-4680
-4820
-4710
-3920
-3090
-2510
-2740
-3220
-3900
-4410
-5250
-5600
-5920
-5900
-5820
-5610
-4940
-2890
-2200
-1990
-2070
-2680
-3810
-4670
-4870
-4960
-4820
-4210
-3530
-2730
-2250
-2830
-3300
-4240
-5160
-5170
-4780
-5790
-5680
-6270
-6290
-4220
-3180
-2010
-2280
-2370
-2960
-3960
-4650
-5030
-5060
-4970
-4340
-3040
-2300
-2350
-3260
-4040
-4340
-4780
-4950
-5970
-5770
-5890
-5910
-5160
-3270
-2280
-1990
-1900
-2590
-3430
-4380
-4710
-4940
-4980
-4810
-4280
-3210
-2430
-2540
-3240
-3890
-4380
-5570
-5300
-5590
-6100
-6020
-5870
-3850
-2560
-1690
-1640
-1880
-3050
-3860
-4450
-4920
-5040
-5180
-5460
-4910
-3220
-3050
-2640
-3260
-3930
-4460
-5000
-5310
-5780
-5590
-5530
-4530
-3340
-2060
-1600
-1580
-1780
-2680
-3870
-4610
-4950
-4610
-4560
-4540
-4580
-3670
-3400
-2590
-3520
-4320
-4380
-4580
-5310
-5680
-5370
-5300
-4100
-1940
-1810
-1540
-1430
-1820
-2670
-3800
-4210
-5060
-5090
-5340
-5210
-5240
-4520
-3530
-3140
-3160
-3160
-4060
-4670
-5200
-5140
-5170
-5250
-3960
-2440
-1830
-1790
-1750
-1930
-3080
-3950
-4940
-4880
-4820
-5330
-5460
-5370
-5150
-3380
-2550
-3030
-3080
-3290
-3500
-4080
-4260
-4970
-5000
-3800
-2660
-2270
-2040
-1570
-2700
-3350
-4120
-4670
-5310
-5400
-5770
-5350
-5340
-5060
-4160
-2790
-1830
-1840
-1980
-2650
-3320
-3940
-4110
-4780
-4180
-3020
-2250
-2220
-1680
-2510
-3530
-4350
-4430
-4430
-4900
-5450
-5570
-5390
-5390
-3660
-2480
-1730
-1154
-1810
-2020
-2820
-3760
-4140
-4650
-4030
-3150
-2360
-2070
-1780
-2110
-3280
-4200
-4410
-4580
-4700
-4750
-4960
-5320
-5250
-3390
-2320
-1480
-1154
-1410
-2020
-3490
-3970
-4670
-4640
-4650
-3200
-2220
-1980
-1380
-2110
-3450
-3820
-5070
-5180
-5210
-5510
-5920
-5750
-4930
-2850
-1990
-1570
-1410
-1750
-2880
-3920
-4430
-4820
-4950
-4590
-2500
-2250
-1340
-1530
-1950
-3760
-4850
-4930
-5120
-5080
-5630
-5580
-5250
-4430
-2430
-1880
-1260
-1440
-1860
-3550
-3960
-4600
-4900
-4950
-4130
-2290
-1860
-1132
-1200
-2710
-4110
-4830
-4430
-4600
-5400
-5290
-5690
-5450
-3960
-1700
-1450
-1270
-1460
-2500
-3780
-4240
-4980
-4600
-4860
-3220
-1980
-1360
-1310
-1800
-3170
-4260
-5010
-4970
-4650
-5860
-5820
-5560
-4630
-2470
-1670
-1400
-1070
-1620
-2490
-3650
-4260
-4630
-4840
-4640
-3000
-1970
-1800
-1480
-2020
-3480
-4510
-4490
-4800
-5150
-5330
-5340
-4710
-2530
-1610
-1280
-1105
-1860
-2440
-3820
-3980
-4610
-4610
-4600
-4450
-3080
-1830
-1300
-2120
-3170
-4010
-4650
-4910
-4970
-5540
-5800
-5490
-3570
-1930
-1330
-1200
-1670
-2270
-3570
-4170
-4400
-4580
-5170
-4520
-4230
-2620
-2290
-1910
-2560
-3600
-4100
-4540
-4480
-5000
-5440
-4980
-4560
-2410
-1690
-1158
-1189
-1760
-2800
-4170
-4320
-4710
-4500
-5060
-5130
-4140
-3120
-1780
-2070
-3230
-3460
-4090
-4360
-4870
-4780
-5050
-4870
-3870
-1910
-1280
-1132
-1074
-1680
-3150
-3940
-4560
-4810
-4800
-4890
-4670
-4110
-2720
-2500
-3000
-3220
-4100
-4430
-4430
-4750
-5250
-4950
-3950
-2330
-1440
-1200
-1154
-1500
-1750
-3050
-3770
-4360
-4500
-4840
-5030
-4860
-4850
-3600
-3240
-3140
-3250
-3540
-3930
-4390
-4470
-3910
-3800
-2990
-2300
-1790
-1078
-1230
-1440
-2790
-3580
-3860
-4720
-4850
-5140
-5120
-4950
-4290
-4090
-3490
-2570
-2550
-2530
-2730
-3080
-3110
-3770
-3440
-3160
-2170
-1980
-1750
-1610
-2550
-2860
-3590
-4010
-4280
-4380
-5020
-5340
-5340
-4580
-3760
-2150
-1720
-1480
-1380
-1078
-1260
-2250
-2260
-2590
-2790
-2570
-1840
-1670
-1570
-2370
-2820
-3490
-3970
-4180
-4260
-4840
-5000
-4820
-5120
-3510
-2160
-1840
880
393
336
-1192
-2140
-2640
-2790
-3250
-2760
-2120
-1900
-1900
-2640
-3030
-3400
-3870
-4190
-4500
-4640
-5220
-5080
-4810
-2500
-1440
-1115
792
507
-1078
-1920
-2900
-3330
-3590
-3830
-2830
-1860
-1340
-1220
-1750
-2910
-3760
-4110
-4970
-4790
-5330
-5400
-5090
-4390
-2430
-1530
810
960
564
-1123
-2650
-3560
-3680
-4160
-3800
-3420
-1570
-1210
467
-1490
-2970
-4140
-4940
-4310
-5210
-5340
-4500
-4040
-3870
-1960
1020
1100
1280
639
-1810
-3070
-3770
-4270
-3850
-3110
-1670
593
940
616
-1760
-3190
-4240
-4740
-4990
-5320
-5080
-5180
-5150
-2540
-1620
1010
1140
1010
-1097
-2760
-3620
-4130
-4470
-4130
-2860
-1430
1040
960
732
-2200
-3460
-4140
-4870
-4520
-4640
-5360
-5350
-4000
-1770
621
1400
1330
456
-2390
-3580
-3880
-4210
-4530
-4370
-2210
-1700
1120
1120
421
-2620
-3340
-4970
-5130
-4360
-3960
-5110
-4850
-3230
-1240
870
1160
513
-1290
-3520
-4110
-4470
-4520
-4880
-3870
-2020
1100
1570
1290
478
-2950
-4370
-5170
-4670
-5060
-5230
-5240
-4310
-1750
1040
1640
1480
789
-1820
-3590
-4040
-4120
-4520
-4410
-2980
-1530
1350
1550
1130
-1260
-3000
-4120
-4970
-4590
-4240
-5000
-4710
-2160
495
1240
1380
1080
-1120
-3030
-3850
-4290
-4500
-4320
-4740
-2760
-2600
1160
1080
732
-1460
-3200
-4000
-4870
-4960
-4700
-4970
-3700
-1600
880
1670
1410
820
-1123
-3160
-3670
-4200
-4700
-4540
-4610
-3530
-1940
810
1530
621
-2120
-3710
-3830
-4860
-4110
-4460
-4200
-2820
-1480
1180
1410
1130
536
-1560
-3430
-3780
-4230
-4770
-4530
-4760
-3980
-1870
-1780
723
586
-2070
-3160
-3830
-4000
-4200
-4200
-3400
-1920
-1320
880
1160
860
-1420
-3100
-3580
-4020
-4690
-4710
-4790
-4940
-4150
-3410
-1600
738
591
473
-1620
-2890
-3370
-3640
-3590
-3360
-2240
-1183
810
870
598
-2050
-3170
-3660
-3910
-4540
-4460
-4490
-4780
-4360
-3320
-1940
860
910
940
438
-1230
-2280
-2870
-3100
-3190
-2630
-1870
473
507
-1112
-1960
-3060
-3370
-4330
-4330
-4750
-4590
-4890
-4950
-4120
-2220
-1390
820
940
830
689
-1820
-3060
-3210
-3630
-3240
-2570
-1910
655
473
-1250
-2550
-3700
-3730
-4460
-4600
-4800
-4970
-5180
-5090
-4280
-1210
1270
1580
1430
870
-1280
-2980
-3300
-3760
-3290
-1950
-1270
900
900
416
-2470
-3620
-3910
-4140
-4780
-4910
-4850
-5110
-4420
-1510
1280
1650
1610
1170
900
-1950
-2900
-3460
-3800
-3000
-2040
-1163
1190
1250
741
-2180
-3470
-3810
-4530
-4820
-4630
-4930
-5020
-4500
-1168
1060
1590
1470
990
-1840
-3150
-3560
-3620
-4070
-2950
-1490
1190
1620
1530
-1360
-2440
-3510
-3680
-5070
-4530
-4580
-5090
-4480
-2020
1050
1590
1900
1560
752
-2590
-3170
-3460
-3630
-4140
-2760
-1430
1370
1680
1420
550
-2840
-3640
-4640
-4760
-4410
-4790
-5180
-3010
544
1370
1800
1590
718
-2420
-3340
-3790
-4220
-4350
-3810
-2020
730
1690
1740
1240
-1290
-3140
-3710
-4340
-4460
-4370
-4980
-4430
-2000
860
1700
1700
1330
-1530
-3220
-3720
-4190
-4100
-4170
-3990
-1890
1320
1600
1400
696
-2510
-3530
-4160
-4280
-4560
-4860
-4750
-2780
-1099
1520
1670
1380
595
-2640
-3170
-3690
-4210
-4580
-4650
-3540
-1710
1160
1570
1260
477
-3020
-3710
-4380
-4590
-4520
-4640
-3930
-1640
890
1300
1490
640
-2180
-3020
-3480
-4020
-4510
-4570
-4670
-2890
-1410
1210
1410
980
-2020
-3510
-3780
-4340
-4340
-4410
-4210
-2340
-1091
1400
1610
1180
477
-2700
-3700
-3960
-4410
-4480
-4470
-3980
-2590
-1490
1110
1120
366
-2550
-3730
-3920
-4170
-4390
-4040
-2840
-1360
1310
1610
1530
544
-2330
-2960
-3570
-4000
-3990
-4430
-4630
-3600
-1630
-1210
960
755
405
-2850
-3360
-4020
-4240
-3610
-3670
-1610
-1320
1460
1600
1530
-1190
-3370
-3740
-3480
-3690
-4440
-4500
-4260
-3710
-1910
-1730
779
416
-1340
-2610
-3430
-3360
-4070
-3190
-2250
-1148
-1440
1260
1000
-1003
-2270
-2800
-3400
-3740
-3900
-4290
-4400
-5000
-4000
-2080
-1250
820
1080
940
471
-1960
-2640
-2920
-2880
-2540
-2040
-1058
471
-1069
-1700
-2530
-3020
-3560
-3720
-3840
-4420
-4860
-4300
-4310
-2630
-1183
1040
1490
1650
1150
910
328
-1830
-2060
-2340
-2280
-2150
-1660
-1770
-2060
-2400
-2760
-3150
-3380
-3870
-4580
-4720
-4630
-4310
-2790
556
1200
1940
1960
1690
1050
344
-1920
-2270
-2630
-2900
-1760
-1450
-1260
-1310
-1900
-2910
-3260
-3710
-4090
-4220
-4740
-4610
-4400
-1960
960
1480
1980
2090
1910
1190
427
-2460
-3180
-2990
-2490
-1890
-1146
930
724
-1440
-2540
-3400
-3480
-3680
-4170
-4680
-4550
-4380
-2490
930
2000
2220
2150
1700
355
-2380
-3080
-3310
-3490
-2380
-1480
1450
2040
1660
1140
-2070
-3190
-3510
-3940
-3960
-4010
-3900
-3390
426
1670
2480
2410
1980
1340
-1840
-2900
-3260
-3600
-3770
-2070
1110
1820
2320
2100
1060
-1810
-3090
-3450
-4620
-4850
-3900
-4480
-2810
460
2000
2280
2360
1600
-1720
-2920
-3190
-3550
-3940
-3350
-1940
399
2050
2360
1900
488
-2530
-3530
-4190
-4500
-4430
-4140
-4230
800
1700
2100
2500
2380
1480
-2320
-3370
-3380
-3800
-4130
-3540
498
1550
2300
2480
1570
366
-2860
-3610
-4350
-4520
-4250
-4180
-3740
-1069
1930
2390
2140
1510
-1390
-3040
-3380
-3670
-3970
-4140
-3490
614
1910
2310
2240
1660
-1330
-2950
-3680
-4620
-4310
-4200
-3760
-1500
1150
2280
2540
1930
438
-2780
-3630
-3730
-4090
-3720
-4170
-3240
-1270
2130
2290
2260
1080
-2040
-3270
-3950
-4200
-4720
-4520
-3240
416
1620
2350
2200
1470
-1590
-2870
-3550
-4040
-4060
-3970
-3900
-2530
870
1860
2390
2140
1090
-2080
-3170
-3430
-4170
-4350
-4070
-2000
1180
1910
2210
1590
1050
-2330
-3020
-3440
-4200
-4060
-3920
-3440
-2220
735
1830
2060
1980
1060
-1420
-2850
-3160
-3900
-3920
-3310
537
1260
2080
2060
1930
416
-2750
-3200
-3690
-4380
-4100
-3840
-3770
-2360
592
1620
1620
1750
1360
-1144
-2360
-2550
-2990
-3440
-2300
-1320
1050
1370
1600
606
-2110
-2990
-3640
-3780
-3750
-4100
-4200
-4670
-3900
-1520
724
1410
1640
1570
1190
355
-2260
-2370
-2670
-2700
-2250
-1400
-1010
-1155
-1890
-2760
-3560
-3690
-3830
-4020
-4070
-5010
-4920
-4300
-2520
-1540
1130
1580
1780
1770
960
488
-2160
-2550
-2750
-2500
-1850
-1280
-1280
-1810
-2650
-2940
-3510
-3580
-4350
-4370
-4780
-4910
-4560
-2150
-1240
1370
2130
2290
1710
1220
388
-2260
-2770
-3260
-2710
-1880
-1430
-1146
-1025
-1500
-2670
-3220
-3770
-4480
-4990
-5080
-4780
-4390
-2620
-1192
1690
2240
2290
2050
1320
-1240
-2300
-3130
-3360
-3450
-2780
-1146
1150
1280
788
-2020
-3090
-3880
-3610
-4510
-4660
-4350
-4160
-1900
930
1900
1980
2320
1980
-1590
-2660
-3470
-3580
-4010
-3620
-583
930
2060
1740
1210
-1400
-2980
-3590
-3880
-4180
-4250
-4540
-4630
-775
1870
2220
2280
1750
114
-2240
-3260
-3520
-4020
-3700
-2810
-677
1420
2190
1840
742
-1680
-3390
-4130
-4610
-4450
-4460
-4210
-2310
102
2050
2410
1950
698
-1340
-2670
-3450
-3960
-3920
-3610
-1410
1050
2070
2360
1960
742
-1950
-3260
-3620
-3980
-4230
-3260
-2510
494
1750
2240
2050
1130
-1690
-3030
-3510
-3620
-4000
-4220
-3840
-468
1220
2000
2050
1360
-734
-2760
-3660
-4080
-4240
-4190
-4070
-488
1300
1900
1890
1490
-815
-2640
-3480
-3560
-3950
-4130
-4230
-3470
-604
1590
2050
1760
683
-1800
-3270
-3880
-4230
-4430
-4190
-2980
-963
1710
2150
1880
900
-1480
-3100
-3510
-3820
-4080
-4300
-3730
-1380
1160
2010
2070
1600
484
-2350
-3380
-3560
-3700
-3910
-3390
-1280
1040
1510
1440
860
-1540
-3310
-3790
-4100
-4530
-4360
-4510
-4100
-1420
1100
1620
1670
1020
-1122
-3020
-3140
-3910
-3800
-3320
-1720
110
1500
1780
1380
-131.8
-2440
-3320
-3640
-4170
-4260
-4470
-3910
-2480
70
1360
1440
1290
213
-1680
-3350
-3830
-3640
-3890
-3140
-795
1100
1630
1480
690
-1770
-3010
-3660
-4010
-4180
-4380
-4340
-3760
-1790
488
1400
1510
1030
41
-2110
-3100
-3440
-3620
-2990
-1740
631
1410
1520
860
-579
-2020
-3270
-3620
-3820
-4070
-4240
-4260
-3500
-1660
582
1000
1040
518
-226
-1600
-2610
-3180
-3310
-3240
-1990
-698
310
118
-1340
-2660
-3180
-3190
-3860
-4250
-4440
-4720
-4660
-4120
-1760
760
820
1120
900
431
83
-1360
-2030
-2140
-1920
-1500
-1138
-1153
-1840
-2460
-2920
-3460
-3990
-4080
-4360
-4600
-4720
-3750
-3260
-1960
950
1470
1840
1650
1490
930
195
-704
-1740
-2120
-2380
-2260
-2080
-2260
-2600
-3010
-3610
-3810
-3990
-4050
-4040
-4440
-4250
-3740
-1690
491
1460
1960
2070
1990
1260
400
-1162
-2260
-2960
-3020
-2970
-3030
-2570
-2680
-2630
-2960
-3370
-3890
-4080
-4390
-4340
-4300
-3920
-2040
766
1920
2380
2300
1640
830
-590
-2580
-3170
-3880
-3520
-3130
-1720
-571
257
-4
-1880
-3230
-3770
-4140
-4530
-4230
-4280
-4410
-1650
1200
2220
2630
2420
1800
-3
-1790
-2950
-3440
-3770
-3690
-2870
-567
1250
1640
910
-1107
-2980
-3730
-4010
-3980
-4380
-4500
-3920
-724
1690
2290
2380
2210
990
-1630
-3080
-3450
-3880
-3630
-3700
-1900
800
1980
2160
1470
-1280
-2690
-3820
-4120
-4170
-4150
-4070
-3260
900
2190
2440
2400
1640
-887
-2520
-3290
-3780
-4020
-4030
-4190
-1057
1290
2130
2110
1410
-1310
-3020
-3890
-4370
-4180
-4200
-4340
-2840
1060
2380
2770
2190
850
-1790
-3240
-3590
-3760
-4430
-4320
-3660
-881
1900
2620
2420
1520
-756
-3000
-3770
-4120
-4340
-4190
-3920
-549
2000
2550
2400
1510
-1300
-3050
-3610
-3760
-4120
-4220
-4230
-3110
1090
2050
2200
2230
1280
-1510
-3410
-3810
-4230
-4210
-3920
-2650
990
2240
2420
1850
54
-2810
-3700
-3850
-4250
-4350
-4560
-4880
-3100
1010
1840
2080
1720
391
-2660
-4010
-4450
-4430
-4170
-3520
-1280
1570
2040
1930
1030
-1600
-3330
-3890
-4010
-4200
-4510
-4620
-5020
-3460
380
1560
1820
1440
-24
-2560
-3840
-4550
-4740
-4240
-3100
-824
1450
1810
1130
5
-2940
-4060
-4390
-4070
-4740
-4800
-4510
-4700
-2880
287
1230
1510
1000
-854
-2430
-3850
-4040
-4220
-3920
-2240
-376
710
950
403
-1760
-3370
-3970
-4210
-4620
-4560
-4660
-4690
-4620
-3140
-1590
810
1090
850
-398
-1940
-3180
-3680
-3540
-3820
-2480
-1148
-684
-497
-1620
-2900
-3500
-3820
-4500
-4380
-4860
-4800
-4930
-4400
-3290
-1183
-435
940
1110
664
-609
-1880
-2900
-3460
-3600
-3470
-3340
-2590
-2320
-2140
-3050
-3660
-4300
-4580
-4690
-4860
-5060
-5140
-4940
-3890
-1730
364
1360
1410
1000
357
-1360
-2740
-3320
-3560
-3960
-3620
-3520
-3010
-2870
-3080
-3150
-3560
-4180
-4570
-4910
-4830
-4910
-4980
-4180
-1540
468
980
1020
850
-340
-1950
-3290
-3690
-4160
-4260
-4320
-3670
-2900
-2280
-1740
-2680
-3510
-4110
-4380
-4860
-4900
-4980
-5000
-4440
-2330
703
1510
1530
1170
-259.2
-2300
-3540
-3870
-4600
-4900
-4710
-3960
-2200
-1340
-1107
-1440
-3240
-4140
-4680
-4780
-4740
-4920
-4950
-3700
-1430
1030
1310
1110
54
-2620
-3830
-4130
-4350
-4840
-4940
-4650
-2550
-1420
655
81
-1620
-3390
-4030
-4470
-4430
-4850
-4680
-4300
-2080
860
1070
1140
549
-1490
-3360
-3960
-4220
-4400
-4600
-4520
-4240
-2050
910
546
136
-1520
-3370
-4520
-4730
-4760
-4470
-5080
-3830
-1580
930
734
463
-1220
-3220
-4150
-4820
-4760
-4660
-4790
-4610
-3600
-1310
196
408
-265.1
-1890
-4040
-4390
-4570
-5020
-4940
-4580
-2650
334
637
687
-169.9
-2430
-3850
-4380
-4860
-5010
-4820
-4780
-4400
-2100
-1170
920
761
5
-2370
-4040
-4550
-4860
-4830
-4840
-4340
-1410
21
230
-9
-1840
-3510
-4080
-4750
-5000
-5220
-4950
-4970
-3630
-1330
-879
840
607
-1230
-3310
-3950
-4950
-4950
-4860
-4290
-2200
473
1340
1050
-1570
-4210
-4600
-4930
-5180
-5410
-5300
-5130
-5390
-2760
-1680
-1400
619
362
-2530
-3680
-4580
-5290
-5110
-4880
-3840
-1570
-1113
-1078
-1280
-2900
-4130
-4380
-4930
-5330
-5390
-5190
-5360
-4050
-1900
-1370
-1400
783
-1560
-3010
-4390
-5050
-4980
-4330
-4370
-3970
-1360
-1480
-1880
-2690
-3580
-4240
-5090
-5300
-5430
-5260
-5960
-5750
-4280
-2570
-1820
-1900
-1740
-2730
-4060
-4590
-5100
-5240
-4820
-4430
-2730
-2460
-2350
-2900
-3540
-4440
-5410
-5500
-5840
-5570
-6020
-5620
-5700
-3690
-2140
-1710
-1370
-1940
-2980
-3890
-5030
-4250
-5040
-4770
-3820
-2750
-2660
-2980
-4100
-4280
-4650
-5040
-5350
-5990
-5960
-5330
-5860
-4960
-3930
-2190
-1860
-1960
-2330
-3480
-4480
-5080
-4750
-5240
-4830
-4130
-3740
-3720
-3670
-4280
-4600
-5190
-5410
-5380
-5660
-5760
-5860
-5840
-4680
-2760
-2180
-1690
-1510
-1790
-2890
-3470
-4270
-4780
-5350
-4840
-4670
-4300
-3870
-3390
-4350
-4880
-5160
-5080
-5600
-5580
-5710
-6120
-5940
-4010
-2560
-1820
-1360
-2090
-1850
-2450
-3630
-3980
-4700
-4990
-5040
-4880
-4750
-4370
-4340
-4000
-4520
-4490
-5040
-5370
-5470
-5570
-5840
-5500
-4430
-2040
-1640
-1410
566
-1105
-2110
-3280
-3940
-4480
-5120
-4830
-4640
-4400
-4000
-3480
-3560
-4220
-4220
-4230
-5020
-5300
-5380
-5580
-4680
-3540
-2120
-1400
980
554
345
-2040
-3490
-4180
-5180
-5430
-5360
-4930
-4270
-3310
-2500
-2420
-3310
-4130
-4550
-4860
-5260
-5440
-5660
-5280
-2980
-1590
582
1170
900
450
-2440
-3800
-4050
-4550
-5110
-5540
-5080
-4220
-2480
-1590
-1890
-2440
-3520
-4350
-4630
-4710
-5230
-5260
-5070
-3090
-1570
990
1360
654
-1860
-3690
-4200
-5270
-4880
-5420
-5230
-5130
-3260
-2320
-1340
-1580
-2150
-3490
-4140
-5080
-5490
-5390
-5220
-5000
-2940
-1410
549
496
-1310
-3320
-4700
-4960
-5260
-4710
-4910
-4910
-5540
-3180
-2040
-1630
-2030
-2830
-4250
-5210
-5260
-5190
-6250
-5760
-5710
-3450
-1920
-1600
-2800
-3500
-4970
-5730
-6030
-6010
-6480
-6220
-6540
-6240
-3990
-2970
-2300
-2630
-3720
-5110
-6300
-6280
-6170
-6480
-6350
-5730
-3430
-3260
-3420
-4470
-5280
-5930
-6190
-6800
-6450
-7110
-7340
-7050
-6470
-4690
-3330
-3130
-4030
-5230
-6310
-6100
-6790
-7100
-6860
-6390
-5710
-4030
-3690
-4000
-5090
-6190
-6570
-6970
-7350
-6950
-7280
-7690
-7630
-6630
-4110
-3520
-3340
-4140
-5130
-6280
-6740
-6580
-7110
-6720
-6000
-5120
-4220
-3950
-4960
-5760
-5990
-6270
-6860
-6740
-7140
-7100
-7620
-7020
-6880
-4730
-2870
-3540
-4320
-5280
-5890
-6440
-6700
-6560
-6120
-5690
-4930
-3980
-4310
-4520
-5250
-5650
-5910
-6030
-6280
-6380
-6280
-6860
-6690
-6000
-4440
-3960
-4010
-4440
-5060
-5910
-6080
-6490
-6100
-6140
-5880
-5280
-4410
-4520
-5270
-5600
-6180
-6560
-6820
-6790
-6800
-6850
-7230
-7060
-5740
-4840
-4390
-4010
-3980
-4940
-5360
-5940
-6560
-6560
-6480
-6200
-5640
-5210
-5490
-5460
-5870
-6940
-7000
-6790
-6570
-6620
-7420
-7400
-6910
-6120
-4520
-3880
-3550
-4350
-5050
-5780
-6160
-6130
-6440
-6230
-7000
-6670
-5990
-6360
-6270
-6710
-7000
-6950
-7020
-7140
-7080
-7070
-7600
-6640
-6400
-4780
-3900
-3810
-4500
-5050
-5600
-6300
-6820
-6390
-6440
-6320
-6930
-6670
-6320
-6140
-6220
-6820
-6890
-6440
-6730
-7220
-7230
-7180
-7050
-5580
-4310
-3640
-3550
-4250
-5160
-5970
-6100
-6960
-6560
-6820
-6980
-6860
-6270
-6350
-6380
-6230
-6360
-7100
-7310
-6160
-7050
-7340
-7070
-6870
-5090
-4540
-4070
-4090
-4720
-5650
-6680
-6820
-6980
-7010
-7140
-7530
-6890
-7130
-6030
-5710
-5710
-6360
-6630
-6960
-6610
-6700
-7230
-6900
-6470
-5650
-5300
-4670
-4380
-5660
-6170
-6860
-7000
-7340
-7040
-7230
-7250
-7330
-6220
-5710
-5720
-5230
-5840
-6470
-6700
-6880
-7720
-7550
-7480
-6800
-6200
-5210
-4460
-4380
-5980
-6650
-6740
-6980
-7300
-7370
-7320
-7230
-7330
-6210
-5700
-4960
-5430
-5660
-6550
-7740
-7390
-7660
-7790
-7540
-6670
-5160
-4840
-4700
-6140
-6050
-6170
-7030
-7620
-7540
-8420
-7740
-7550
-7970
-7110
-6160
-5260
-5630
-6540
-7370
-6960
-7280
-6880
-7310
-7600
-6480
-5730
-5430
-5440
-6560
-6810
-7580
-7490
-7960
-7960
-7880
-7670
-7690
-6900
-5600
-4850
-5260
-5380
-6420
-6880
-7160
-7090
-6790
-6970
-6450
-6170
-5080
-5230
-6350
-6680
-7210
-7340
-7390
-7450
-7660
-8190
-7890
-7380
-6420
-5690
-5240
-5530
-6210
-6300
-7130
-7000
-7200
-7070
-7450
-6650
-5270
-5200
-5820
-7060
-7470
-7990
-7900
-8040
-7960
-7820
-7660
-7410
-7560
-5700
-5460
-5760
-6250
-6320
-7160
-7170
-7270
-7760
-7280
-6980
-6950
-6390
-6020
-7520
-7640
-7620
-8030
-8110
-8180
-8340
-8340
-8640
-8490
-6760
-6250
-5750
-5770
-6270
-7030
-8060
-8080
-7580
-8330
-7990
-7430
-7130
-7330
-7380
-8120
-7860
-8050
-8080
-8180
-8260
-8500
-8410
-8260
-8500
-7170
-7080
-6420
-6630
-7170
-7980
-8150
-8400
-8570
-8180
-8400
-7520
-7420
-7680
-7890
-8240
-8790
-8870
-9180
-9180
-8790
-9180
-9340
-9180
-8110
-7930
-6240
-6210
-7390
-7990
-9180
-8320
-8470
-8240
-8870
-8480
-8640
-8400
-7780
-8710
-9650
-9650
-9960
-9500
-9500
-8960
-9500
-9650
-9180
-8960
-8720
-8010
-7600
-7630
-8540
-9180
-9890
-8470
-8860
-10200
-10200
-8710
-9730
-8790
-9030
-9650
-10400
-9580
-9500
-9890
-10300
-10700
-10190
-9420
-9260
-8320
-8000
-8170
-8780
-9420
-9970
-9660
-9900
-10500
-10600
-9890
-9820
-9730
-9730
-9580
-9890
-10200
-10500
-10200
-10400
-10800
-10800
-10500
-10190
-8790
-8070
-8380
-9180
-9980
-10400
-10800
-10700
-11200
-11300
-11600
-10700
-10600
-10500
-10700
-10400
-11000
-11000
-12100
-12000
-11500
-11000
-10500
-10400
-9900
-9900
-9010
-9010
-10060
-10130
-9580
-9730
-10200
-10400
-11100
-10800
-11300
-11700
-11900
-10900
-11000
-10300
-11000
-11400
-11300
-10900
-12100
-11100
-11400
-10400
-9580
-8760
-10800
-10300
-10700
-11800
-12100
-11800
-12900
-11000
-11600
-10800
-10800
-10900
-10900
-11300
-11300
-10800
-11000
-10900
-10900
-11000
-10900
-11600
-10900
-10200
-9080
-8600
-9730
-10800
-11000
-11100
-11300
-11600
-11300
-11100
-10400
-10200
-11200
-9980
-9490
-9980
-10600
-10500
-10300
-11900
-11300
-11800
-10900
-9810
-9730
-9730
-9250
-9970
-10600
-10700
-10800
-10400
-10400
-11500
-10800
-11200
-11200
-9810
-9730
-9570
-9340
-9840
-10300
-10600
-10500
-10500
-10600
-9980
-9680
-9420
-8560
-8960
-9910
-10400
-10500
-10200
-10200
-10200
-10400
-10140
-10300
-9640
-9100
-8970
-8720
-9210
-9420
-10140
-9880
-10300
-10400
-10040
-9990
-9330
-8750
-8530
-9140
-9570
-10130
-10400
-10050
-10050
-10050
-10050
-9810
-9340
-8940
-8610
-8380
-8350
-9080
-9340
-9490
-9810
-9970
-9970
-9500
-9260
-8780
-8290
-8380
-9090
-9490
-9580
-9810
-9970
-10050
-10120
-10200
-9650
-9100
-8400
-8380
-7970
-8450
-8610
-9010
-9580
-9490
-9810
-10120
-9180
-8620
-8260
-8160
-8210
-8780
-9010
-9580
-9330
-9660
-9730
-10120
-9490
-9420
-9420
-9570
-7790
-7980
-7700
-8690
-9180
-9580
-9500
-9570
-9420
-9180
-8860
-8170
-7930
-8380
-9010
-9090
-9570
-9500
-9570
-9730
-9810
-9580
-9820
-9490
-9260
-8040
-8040
-8610
-9580
-9730
-9980
-9570
-9500
-9570
-8860
-8780
-8540
-8780
-8940
-9580
-9660
-9810
-10400
-9970
-10300
-9890
-10040
-10300
-9340
-8540
-8940
-8190
-9320
-8850
-9340
-9980
-9650
-9900
-9570
-9420
-8860
-8940
-8610
-9250
-9090
-9180
-9420
-9810
-9660
-9730
-10800
-10400
-9490
-9570
-8860
-8450
-7540
-8780
-9180
-9650
-9340
-9650
-10400
-9500
-9330
-9100
-9500
-9330
-9900
-10400
-9810
-10200
-10050
-10120
-10400
-10400
-10400
-9730
-9500
-9180
-8940
-9180
-9410
-9980
-9890
-9730
-9650
-9730
-9730
-10400
-9970
-9810
-9260
-10300
-10400
-10200
-10400
-10400
-10050
-10200
-10400
-10800
-10900
-10500
-9730
-9580
-9570
-9810
-9580
-10300
-10600
-9650
-9500
-9970
-10600
-9970
-10120
-10050
-10700
-10400
-10120
-10900
-11000
-10400
-11100
-10500
-10400
-10700
-10120
-10050
-10060
-10300
-9480
-10200
-10700
-10900
-10200
-10700
-10600
-9810
-10400
-11200
-10300
-10500
-10600
-10600
-10600
-11000
-10300
-11000
-11100
-11400
-11200
-10130
-10300
-10400
-10500
-10800
-10800
-10900
-11400
-11600
-11200
-11100
-10900
-10700
-11100
-10900
-11200
-11000
-10800
-10500
-11500
-11000
-9970
-11800
-11200
-11400
-11500
-9730
-10200
-10200
-11300
-11400
-10900
-10600
-10700
-10800
-10800
-11100
-10800
-10300
-10800
-10700
-10500
-10700
-10800
-11200
-11800
-11800
-11500
-10900
-11100
-10700
-11100
-11000
-9890
-10700
-10800
-10600
-10900
-11200
-11300
-11000
-10800
-10700
-10800
-10050
-10500
-10500
-10700
-10500
-11200
-12000
-11200
-11100
-11000
-10800
-10900
-10130
-9890
-10700
-11000
-11300
-11100
-11200
-11600
-11600
-11600
-11200
-10300
-9980
-10200
-9250
-11300
-11300
-11000
-11400
-11000
-10900
-11600
-11800
-10500
-10600
-10600
-11100
-11100
-11100
-10800
-10800
-10500
-10700
-11100
-11100
-11500
-11000
-10500
-10060
-10060
-10900
-11000
-11300
-11500
-11200
-11200
-10600
-10400
-10900
-10600
-10300
-10500
-11100
-11300
-11100
-10800
-11200
-11200
-11100
-11300
-11200
-10400
-9970
-9480
-10130
-10060
-10400
-11000
-11000
-10800
-11200
-11000
-9970
-9810
-10300
-9890
-10500
-11600
-10900
-11000
-11400
-11200
-11100
-11200
-10900
-10800
-10600
-10400
-10300
-10700
-10900
-11100
-10900
-11400
-10600
-11000
-10300
-10060
-9890
-11400
-11000
-11000
-10600
-11600
-11100
-11200
-11300
-11600
-11000
-11800
-10400
-10900
-10500
-9890
-10200
-10900
-11300
-11700
-11200
-10700
-10800
-10800
-10500
-10500
-10900
-10700
-11100
-11100
-11200
-11200
-11300
-11500
-11000
-12000
-11600
-10400
-10300
-10130
-10500
-10900
-11000
-10600
-11300
-11100
-10700
-10300
-10700
-10500
-11000
-11300
-11100
-11000
-11400
-11000
-11000
-11300
-11200
-11100
-11300
-11000
-9810
-9810
-10060
-10130
-10130
-10700
-10400
-11300
-10400
-10300
-10130
-11000
-10500
-10400
-10800
-10700
-11100
-10900
-11200
-11200
-10700
-10800
-10600
-10300
-10700
-10060
-9890
-9730
-9890
-10600
-11300
-10500
-10500
-10600
-10800
-10130
-10700
-9810
-10500
-10500
-10700
-11000
-11200
-11200
-10800
-10800
-11300
-10600
-10900
-10200
-9180
-8780
-9500
-9970
-10600
-10400
-10500
-10500
-10700
-10800
-10300
-10400
-9650
-9890
-10400
-10700
-10400
-10190
-10600
-10300
-11000
-10040
-10600
-10190
-9580
-9890
-9500
-9900
-10120
-9820
-10300
-10200
-10500
-10700
-10120
-10400
-10600
-10400
-10400
-9820
-9800
-10700
-10300
-10700
-10800
-10500
-10300
-9960
-10040
-9970
-9260
-9500
-10200
-10200
-10400
-11000
-10500
-10600
-10400
-10400
-10800
-10700
-10400
-10500
-10500
-10500
-10900
-10800
-10400
-11000
-11300
-10600
-10400
-10500
-9730
-9970
-9660
-10500
-10040
-10040
-10600
-10400
-10800
-10800
-10300
-10600
-10300
-10040
-10120
-9890
-10400
-11000
-10800
-10700
-10400
-10300
-10800
-10600
-10800
-10040
-9730
-9810
-10040
-9490
-9890
-11000
-11100
-11300
-10700
-10400
-10300
-10800
-10300
-9970
-9890
-10200
-10600
-10300
-10400
-10040
-10040
-10120
-10500
-9580
-9420
-9660
-10120
-9660
-10200
-10500
-10500
-11000
-10190
-10300
-10300
-10300
-10120
-9730
-9970
-10120
-9810
-10400
-10400
-10300
-10400
-10800
-10700
-10200
-9970
-9730
-9260
-9570
-9490
-9650
-9970
-10040
-10900
-10800
-11000
-10900
-11200
-10120
-9890
-9420
-9180
-9500
-10050
-9970
-10300
-9650
-9890
-10400
-10300
-9490
-9730
-9330
-9660
-10400
-10600
-11000
-10300
-10400
-10300
-10600
-11100
-10700
-10600
-9820
-9180
-9100
-9330
-9810
-10600
-11100
-10600
-10400
-10300
-9970
-9810
-9180
-9730
-9660
-9660
-10300
-10800
-11100
-11100
-10600
-10300
-10600
-10300
-10500
-9180
-9020
-9900
-10120
-10500
-10700
-10600
-10700
-10900
-10400
-10050
-9900
-9330
-10300
-10400
-10400
-10800
-10700
-10700
-10700
-11100
-11100
-10700
-11000
-10700
-10050
-9330
-9970
-10050
-10120
-10300
-9900
-10050
-10400
-10200
-9810
-9660
-9900
-9970
-9660
-9810
-10500
-10800
-10800
-10900
-11100
-11400
-10800
-10400
-10600
-9970
-9660
-10800
-10800
-11000
-10900
-11000
-10700
-10600
-10500
-10120
-10200
-10050
-10600
-10500
-10700
-10800
-10800
-11100
-11100
-11300
-11500
-11100
-10800
-10050
-10300
-9980
-10050
-11000
-10800
-11200
-11100
-11600
-11100
-11200
-10400
-9970
-10120
-10800
-10900
-11100
-11000
-11100
-11200
-11200
-11100
-11500
-10400
-10300
-10300
-10400
-9730
-10200
-10700
-10800
-10600
-11500
-10600
-10500
-10300
-10600
-10300
-10700
-11000
-11200
-11100
-10500
-11200
-11000
-11100
-11100
-11100
-10700
-10800
-10400
-10050
-10700
-10700
-10800
-11100
-10500
-11400
-10800
-10800
-10800
-10500
-10600
-10600
-10500
-11000
-11000
-10900
-11300
-12000
-11100
-11200
-11600
-10800
-13400
-14000
-14800
-15200
-15400
-15400
-15700
-15800
-15800
-15800
-15700
-15300
-15200
-15200
-15400
-15700
-15900
-16000
-16300
-16400
-16400
-16000
-15000
-13500
-13400
-13600
-14200
-14900
-15300
-15400
-15600
-15900
-16000
-16100
-16200
-16100
-15900
-15700
-15600
-15600
-15700
-15800
-16000
-16200
-16400
-16200
-15700
-14900
-13900
-13600
-13700
-14200
-14700
-14900
-15200
-15400
-15700
-15800
-16000
-16100
-16000
-15700
-15000
-14600
-14900
-15000
-15400
-15500
-15800
-16000
-15900
-15600
-15000
-14200
-13900
-13900
-14500
-15100
-15300
-15600
-15900
-16100
-16400
-16600
-16700
-16500
-16100
-15100
-14500
-14600
-15200
-15400
-15600
-15700
-15800
-15800
-15400
-14700
-14300
-14200
-14500
-14800
-15000
-15300
-15700
-16000
-16200
-16400
-16700
-16700
-16700
-16100
-15300
-14700
-14600
-14900
-15100
-15200
-15200
-15300
-15000
-14700
-14400
-14500
-14500
-14700
-15000
-15200
-15500
-15900
-16100
-16200
-16500
-16600
-16500
-16000
-14700
-14100
-14100
-14500
-15000
-15200
-15500
-15600
-15400
-15300
-15000
-14600
-14700
-14800
-15000
-15300
-15700
-16200
-16500
-16600
-16700
-16800
-17100
-17100
-16800
-15500
-14400
-14500
-15200
-15700
-16100
-16400
-16500
-16700
-16800
-16400
-16000
-15900
-16100
-16300
-16700
-17000
-17400
-17600
-17800
-17900
-18100
-18200
-18000
-17100
-16000
-15400
-15900
-16500
-17000
-17200
-17600
-17700
-17900
-17900
-17700
-17400
-17200
-17300
-17600
-17800
-18200
-18400
-18700
-18900
-19000
-19200
-19200
-18800
-17600
-16700
-16600
-17000
-17600
-17800
-18100
-18400
-18400
-18400
-18200
-17700
-17500
-17600
-17800
-18000
-18300
-18400
-18700
-18900
-19000
-19100
-19200
-19100
-18500
-17400
-17000
-17100
-17500
-17800
-18100
-18300
-18400
-18500
-18600
-18400
-18100
-17800
-17800
-18000
-18300
-18500
-18800
-18900
-19200
-19300
-19400
-19600
-19300
-18200
-17200
-17200
-17600
-18000
-18300
-18500
-18700
-18900
-18900
-18800
-18500
-17900
-18000
-18300
-18500
-18700
-19100
-19200
-19400
-19700
-19700
-19900
-19800
-19100
-18200
-17900
-18000
-18300
-18600
-18900
-19100
-19400
-19500
-19500
-19300
-19000
-18700
-18800
-19000
-19200
-19300
-19600
-19800
-20000
-20200
-20300
-20300
-20000
-19400
-18900
-18700
-18700
-19000
-19200
-19300
-19600
-19800
-19900
-19800
-19700
-19300
-19300
-19300
-19400
-19600
-19700
-19900
-20000
-20300
-20400
-20500
-20400
-19800
-19200
-18800
-18800
-19100
-19400
-19600
-19800
-19900
-20100
-20200
-20300
-20200
-19900
-19800
-19800
-19900
-20000
-20300
-20300
-20400
-20500
-20700
-20700
-20700
-20100
-19600
-19300
-19300
-19600
-19900
-20100
-20200
-20300
-20400
-20500
-20600
-20500
-20300
-20200
-20300
-20300
-20400
-20500
-20700
-20700
-20900
-20900
-20900
-20800
-20500
-20100
-19900
-20000
-20200
-20400
-20600
-20700
-20800
-20900
-21100
-21000
-20900
-20900
-20700
-20700
-20700
-20700
-20800
-20900
-20900
-21100
-21200
-21200
-20800
-20500
-20200
-20200
-20300
-20500
-20700
-20800
-20900
-21100
-21200
-21400
-21400
-21400
-21300
-21200
-21000
-21000
-21000
-21000
-21100
-21200
-21200
-21300
-21300
-21200
-21100
-21000
-20900
-21000
-21200
-21200
-21400
-21500
-21700
-21800
-21900
-22000
-22100
-21900
-21600
-21300
-21200
-21200
-21200
-21300
-21400
-21400
-21500
-21600
-21500
-21400
-21100
-21000
-21200
-21300
-21400
-21600
-21600
-21800
-21900
-22000
-22100
-22300
-22200
-21800
-21400
-21000
-21000
-21100
-21200
-21400
-21600
-21600
-21600
-21600
-21400
-21400
-21300
-21400
-21500
-21600
-21800
-21800
-22000
-22100
-22200
-22400
-22400
-22400
-22000
-21300
-21000
-21100
-21300
-21500
-21600
-21800
-21800
-21900
-21800
-21700
-21500
-21400
-21400
-21600
-21600
-21800
-21900
-22100
-22200
-22400
-22500
-22600
-22400
-21900
-21300
-21000
-21200
-21400
-21600
-21700
-21800
-22000
-21900
-21800
-21800
-21500
-21400
-21400
-21500
-21700
-21800
-22000
-22100
-22300
-22400
-22500
-22500
-22400
-21800
-21200
-21200
-21300
-21600
-21800
-21800
-22000
-22000
-22000
-21900
-21700
-21500
-21400
-21500
-21600
-21800
-21900
-22100
-22200
-22400
-22600
-22600
-22600
-22100
-21500
-21200
-21300
-21500
-21700
-21800
-21900
-22000
-22100
-22000
-21900
-21600
-21400
-21400
-21500
-21700
-21800
-21900
-22100
-22200
-22200
-22400
-22500
-22400
-21700
-21400
-21200
-21300
-21600
-21700
-21800
-22100
-22100
-22100
-22000
-21800
-21600
-21400
-21400
-21600
-21700
-21800
-21900
-22100
-22300
-22400
-22500
-22400
-22100
-21700
-21400
-21400
-21600
-21800
-21800
-22000
-22100
-22200
-22300
-22200
-22000
-21600
-21500
-21600
-21600
-21800
-21900
-22000
-22100
-22200
-22300
-22300
-22100
-21700
-21400
-21400
-21200
-21300
-21500
-21600
-21800
-21900
-22100
-22000
-21900
-21600
-21400
-21400
-21400
-21400
-21600
-21600
-21600
-21800
-21900
-22000
-22000
-21700
-21300
-21000
-21100
-21300
-21400
-21400
-21500
-21600
-21700
-21800
-21800
-21700
-21500
-21400
-21400
-21400
-21500
-21500
-21600
-21700
-21800
-21800
-21900
-21700
-21400
-21100
-21100
-21100
-21200
-21400
-21400
-21500
-21600
-21800
-21800
-21800
-21700
-21600
-21600
-21500
-21500
-21500
-21600
-21600
-21600
-21600
-21700
-21600
-21400
-21200
-21000
-20900
-21000
-21200
-21300
-21400
-21400
-21600
-21600
-21700
-21800
-21700
-21600
-21400
-21400
-21400
-21400
-21500
-21400
-21500
-21600
-21400
-21500
-21400
-21300
-21200
-21200
-21200
-21300
-21400
-21400
-21500
-21500
-21600
-21600
-21600
-21600
-21500
-21400
-21400
-21300
-21300
-21400
-21400
-21400
-21500
-21500
-21400
-21400
-21200
-21300
-21300
-21200
-21300
-21400
-21400
-21500
-21600
-21700
-21700
-21800
-21700
-21600
-21500
-21400
-21300
-21200
-21200
-21200
-21300
-21300
-21300
-21200
-21200
-21200
-21100
-21000
-21100
-21200
-21200
-21300
-21400
-21500
-21600
-21700
-21700
-21600
-21400
-21200
-21100
-21000
-21000
-21000
-21100
-21200
-21200
-21200
-21200
-21200
-21100
-21100
-21100
-21100
-21100
-21200
-21200
-21400
-21500
-21600
-21600
-21700
-21600
-21400
-21000
-20700
-20600
-20700
-20700
-20900
-21000
-21100
-21000
-21000
-20900
-20800
-20700
-20500
-20600
-20700
-20800
-21000
-21200
-21200
-21400
-21400
-21400
-21300
-21000
-20600
-20400
-20400
-20500
-20500
-20600
-20700
-20800
-20800
-20800
-20700
-20600
-20400
-20400
-20500
-20700
-20800
-20900
-21100
-21200
-21400
-21400
-21400
-21200
-20500
-20200
-19900
-19900
-20200
-20300
-20400
-20600
-20700
-20700
-20500
-20100
-20000
-19800
-19800
-20000
-20200
-20300
-20500
-20700
-20800
-21000
-21000
-20900
-20400
-20100
-19800
-19800
-20100
-20100
-20200
-20400
-20600
-20700
-20700
-20400
-20200
-19900
-19900
-20000
-20200
-20300
-20400
-20700
-20700
-20900
-20900
-21000
-20700
-20200
-19800
-19600
-19700
-19900
-20000
-20200
-20400
-20500
-20500
-20400
-20200
-19800
-19600
-19700
-19800
-20100
-20200
-20300
-20400
-20700
-20700
-20900
-20900
-20400
-20000
-19600
-19600
-19800
-20100
-20200
-20400
-20500
-20700
-20700
-20600
-20200
-19800
-19500
-19800
-19900
-20100
-20200
-20300
-20400
-20600
-20700
-20800
-20700
-20100
-19600
-19700
-19800
-20000
-20000
-20300
-20500
-20700
-20600
-20600
-20400
-19900
-19600
-19700
-19800
-20100
-20100
-20300
-20500
-20500
-20700
-20700
-20700
-20200
-19800
-19500
-19500
-19700
-19800
-20000
-20200
-20400
-20500
-20400
-20400
-20200
-19900
-19900
-19800
-19900
-20100
-20200
-20400
-20500
-20700
-20700
-20700
-20500
-20200
-19800
-19700
-19800
-20000
-20100
-20200
-20400
-20400
-20600
-20700
-20700
-20400
-20400
-20200
-20200
-20200
-20300
-20400
-20500
-20700
-20900
-20800
-20700
-20500
-20200
-20100
-20000
-20100
-20300
-20400
-20600
-20700
-20700
-20800
-21000
-21000
-20700
-20400
-20400
-20400
-20400
-20500
-20500
-20700
-20700
-20900
-20800
-20700
-20400
-20400
-20200
-20200
-20400
-20400
-20700
-20700
-20900
-21000
-21000
-21100
-21100
-21000
-20800
-20700
-20700
-20700
-20700
-20800
-20900
-20900
-21000
-20800
-20900
-20700
-20600
-20600
-20600
-20700
-20700
-20800
-20900
-21000
-21100
-21200
-21200
-21300
-21300
-21100
-20900
-20900
-20700
-20700
-20800
-20900
-21000
-21000
-21000
-21000
-20700
-20800
-20700
-20700
-20700
-20800
-20900
-21000
-21000
-21200
-21200
-21400
-21500
-21400
-21300
-21000
-20800
-20500
-20400
-20700
-20700
-20800
-20900
-21000
-21000
-20900
-20800
-20700
-20700
-20700
-20700
-20800
-20900
-21100
-21100
-21200
-21400
-21500
-21400
-21300
-21000
-20700
-20400
-20400
-20400
-20600
-20700
-20700
-20800
-20900
-20800
-20700
-20700
-20600
-20600
-20700
-20700
-20900
-21000
-21200
-21200
-21400
-21600
-21500
-21200
-20700
-20400
-20100
-20200
-20400
-20600
-20700
-20800
-21000
-21000
-21000
-20800
-20500
-20400
-20500
-20600
-20700
-20900
-21000
-21100
-21300
-21400
-21500
-21400
-21200
-20600
-20200
-20100
-20300
-20400
-20500
-20700
-20900
-21000
-21000
-20900
-20700
-20400
-20400
-20400
-20600
-20700
-20900
-21000
-21100
-21200
-21300
-21400
-21400
-20800
-20400
-20200
-20300
-20500
-20600
-20900
-20900
-21100
-21200
-21200
-21000
-20600
-20400
-20400
-20400
-20600
-20700
-20900
-21100
-21200
-21300
-21400
-21400
-21200
-20800
-20400
-20300
-20600
-20600
-20900
-20900
-21100
-21200
-21200
-21200
-20900
-20600
-20500
-20600
-20800
-20900
-21000
-21200
-21200
-21300
-21400
-21500
-21500
-21100
-20800
-20600
-20600
-20800
-20900
-21000
-21200
-21300
-21400
-21300
-21500
-21100
-20800
-20600
-20700
-20800
-20900
-21100
-21200
-21300
-21400
-21400
-21500
-21300
-20900
-20600
-20600
-20700
-20900
-21000
-21200
-21300
-21400
-21400
-21500
-21400
-21100
-20900
-20800
-20800
-20900
-21000
-21200
-21200
-21400
-21400
-21500
-21500
-21100
-20800
-20600
-20600
-20800
-20900
-21100
-21200
-21300
-21400
-21400
-21500
-21300
-21100
-20900
-20900
-20900
-21100
-21200
-21200
-21300
-21400
-21400
-21400
-21200
-21000
-20900
-20900
-20900
-21000
-21200
-21200
-21300
-21400
-21600
-21600
-21600
-21400
-21200
-21100
-21100
-21200
-21200
-21300
-21300
-21400
-21400
-21500
-21400
-21200
-21200
-21000
-21100
-21200
-21200
-21300
-21400
-21600
-21600
-21700
-21800
-21700
-21500
-21300
-21300
-21300
-21300
-21400
-21400
-21500
-21500
-21500
-21500
-21400
-21200
-21200
-21200
-21300
-21300
-21400
-21400
-21600
-21700
-21800
-21800
-21900
-21800
-21600
-21500
-21400
-21400
-21400
-21400
-21400
-21500
-21600
-21600
-21600
-21600
-21500
-21500
-21500
-21600
-21600
-21700
-21800
-21800
-21800
-22000
-22000
-22100
-22000
-21900
-21800
-21700
-21600
-21600
-21700
-21700
-21700
-21700
-21700
-21700
-21600
-21600
-21600
-21600
-21800
-21800
-21900
-22000
-21900
-22000
-22100
-22200
-22300
-22300
-22200
-22000
-21900
-21800
-21700
-21700
-21800
-21800
-21800
-21800
-21800
-21800
-21800
-21800
-21800
-21900
-21900
-22000
-22100
-22100
-22300
-22400
-22300
-22400
-22400
-22200
-22200
-21900
-21800
-21700
-21700
-21700
-21800
-21800
-21900
-22000
-22000
-22000
-22000
-21900
-21900
-22000
-21900
-22000
-22100
-22200
-22300
-22400
-22500
-22500
-22400
-22000
-21700
-21500
-21500
-21600
-21600
-21700
-21800
-21800
-22000
-22000
-21900
-21800
-22000
-22000
-22000
-22100
-22100
-22200
-22200
-22400
-22400
-22600
-22500
-22200
-21900
-21600
-21400
-21400
-21600
-21800
-21800
-22000
-22100
-22100
-22100
-22000
-21800
-21700
-21700
-21800
-21800
-22000
-22100
-22300
-22400
-22400
-22500
-22400
-22000
-21600
-21300
-21300
-21500
-21700
-21600
-21800
-22000
-22100
-22100
-22000
-21700
-21600
-21600
-21600
-21700
-21900
-21900
-22100
-22200
-22300
-22400
-22500
-22200
-21600
-21400
-21200
-21300
-21500
-21600
-21800
-21900
-22100
-22300
-22300
-22000
-21700
-21600
-21500
-21600
-21900
-21900
-22100
-22200
-22300
-22500
-22500
-22500
-22000
-21600
-21500
-21500
-21700
-21900
-22100
-22100
-22300
-22300
-22400
-22300
-21900
-21600
-21500
-21500
-21600
-21900
-21900
-22100
-22200
-22200
-22200
-22100
-21900
-21600
-21300
-21200
-21400
-21600
-21800
-21900
-22100
-22100
-22300
-22300
-22200
-21800
-21600
-21400
-21400
-21500
-21600
-21800
-21900
-22100
-22200
-22400
-22400
-22000
-21600
-21500
-21500
-21600
-21800
-21900
-22100
-22100
-22200
-22400
-22300
-22100
-21800
-21500
-21500
-21600
-21600
-21700
-21800
-21800
-21800
-21800
-21900
-21800
-21500
-21400
-21300
-21300
-21500
-21600
-21800
-21800
-22000
-22100
-22100
-22100
-21900
-21600
-21400
-21300
-21400
-21600
-21700
-21800
-21800
-21900
-22000
-22000
-21800
-21600
-21300
-21300
-21400
-21600
-21700
-21800
-21900
-22100
-22200
-22300
-22100
-22000
-21800
-21700
-21700
-21700
-21800
-21800
-21800
-21800
-22000
-22100
-21900
-22000
-21800
-21800
-21800
-21900
-22000
-22100
-22100
-22200
-22300
-22400
-22400
-22400
-22100
-21900
-21900
-21900
-21900
-22000
-22100
-22100
-22100
-22100
-22100
-22100
-22000
-21900
-21900
-21900
-22000
-22100
-22100
-22200
-22300
-22500
-22600
-22600
-22600
-22400
-22200
-22200
-22100
-22100
-22100
-22100
-22100
-22200
-22100
-22200
-22100
-22100
-22100
-22100
-22100
-22200
-22200
-22300
-22300
-22400
-22500
-22400
-22500
-22600
-22500
-22500
-22400
-22200
-22100
-22100
-22100
-22200
-22300
-22300
-22300
-22300
-22300
-22300
-22400
-22400
-22400
-22400
-22400
-22600
-22600
-22600
-22800
-22800
-22900
-22800
-22700
-22600
-22400
-22500
-22400
-22600
-22600
-22600
-22500
-22400
-22400
-22400
-22400
-22400
-22400
-22400
-22400
-22500
-22600
-22600
-22600
-22800
-22800
-22900
-22900
-22700
-22400
-22200
-22100
-22100
-22100
-22200
-22300
-22400
-22400
-22400
-22400
-22400
-22400
-22300
-22300
-22400
-22400
-22500
-22600
-22600
-22700
-22700
-22800
-22700
-22600
-22300
-22300
-22400
-22300
-22400
-22300
-22400
-22500
-22600
-22600
-22600
-22400
-22400
-22300
-22200
-22300
-22400
-22400
-22500
-22600
-22600
-22700
-22600
-22600
-22400
-22400
-22200
-22100
-22200
-22400
-22400
-22400
-22600
-22600
-22600
-22400
-22400
-22300
-22300
-22200
-22300
-22400
-22400
-22500
-22600
-22600
-22600
-22600
-22500
-22100
-22100
-21900
-22100
-22200
-22200
-22300
-22300
-22400
-22400
-22400
-22300
-22100
-21800
-21800
-21800
-21900
-22100
-22100
-22100
-22300
-22400
-22400
-22300
-22000
-21800
-21600
-21600
-21800
-21800
-22000
-22100
-22100
-22300
-22300
-22300
-22100
-21800
-21700
-21700
-21700
-21800
-21900
-22100
-22100
-22100
-22200
-22300
-22100
-21900
-21700
-21700
-21800
-21800
-21900
-21900
-22000
-22100
-22100
-22200
-22200
-22000
-21700
-21600
-21600
-21700
-21800
-21900
-21900
-22000
-22100
-22100
-22000
-21800
-21600
-21500
-21500
-21600
-21600
-21600
-21600
-21800
-21800
-21900
-22100
-21800
-21600
-21400
-21300
-21400
-21500
-21600
-21600
-21600
-21600
-21700
-21700
-21600
-21500
-21400
-21300
-21400
-21500
-21600
-21600
-21600
-21700
-21800
-21800
-21800
-21600
-21400
-21300
-21300
-21400
-21500
-21600
-21600
-21600
-21600
-21600
-21600
-21600
-21500
-21400
-21400
-21500
-21600
-21600
-21600
-21700
-21800
-21800
-21800
-21800
-21600
-21500
-21400
-21400
-21500
-21600
-21500
-21600
-21600
-21500
-21500
-21300
-21300
-21300
-21300
-21300
-21400
-21300
-21500
-21600
-21600
-21700
-21800
-21700
-21600
-21400
-21300
-21300
-21300
-21300
-21300
-21300
-21300
-21300
-21300
-21300
-21300
-21200
-21200
-21300
-21400
-21400
-21500
-21500
-21600
-21600
-21700
-21600
-21600
-21500
-21400
-21300
-21300
-21300
-21300
-21300
-21300
-21300
-21300
-21200
-21200
-21100
-21100
-21100
-21200
-21300
-21200
-21300
-21400
-21500
-21600
-21600
-21500
-21500
-21300
-21200
-21100
-21100
-21000
-21100
-21100
-21100
-21100
-21100
-21100
-21000
-21000
-21000
-21000
-21100
-21100
-21100
-21100
-21300
-21200
-21300
-21300
-21400
-21200
-21100
-21000
-20800
-20800
-20700
-20700
-20700
-20800
-20800
-20800
-20800
-20800
-20800
-20800
-20800
-20800
-20800
-20800
-20800
-20900
-21100
-21100
-21100
-21100
-21000
-20800
-20700
-20600
-20400
-20300
-20300
-20400
-20500
-20600
-20600
-20600
-20600
-20500
-20500
-20500
-20600
-20600
-20600
-20600
-20700
-20800
-20800
-20800
-20700
-20700
-20600
-20300
-20200
-20100
-19900
-19900
-20100
-20200
-20200
-20300
-20300
-20300
-20200
-20200
-20200
-20200
-20200
-20200
-20300
-20400
-20500
-20500
-20600
-20500
-20400
-20300
-20000
-19900
-19700
-19700
-19800
-19900
-19900
-20100
-20000
-20100
-20100
-20100
-20000
-20000
-20000
-20000
-20000
-20000
-20100
-20300
-20300
-20400
-20400
-20300
-20000
-19800
-19600
-19500
-19600
-19700
-19900
-20000
-20000
-20100
-20100
-20100
-20000
-19800
-19700
-19700
-19600
-19700
-19700
-19800
-20000
-20100
-20200
-20200
-20000
-19700
-19400
-19300
-19300
-19400
-19600
-19600
-19800
-19900
-20000
-19900
-19900
-19600
-19400
-19400
-19300
-19500
-19500
-19600
-19600
-19700
-19700
-19900
-19900
-19600
-19300
-19100
-19000
-19100
-19200
-19400
-19500
-19600
-19700
-19600
-19700
-19600
-19200
-19100
-18900
-18900
-19000
-19200
-19300
-19200
-19300
-19500
-19600
-19400
-19200
-18900
-18800
-18800
-18900
-19100
-19200
-19200
-19500
-19500
-19600
-19600
-19300
-19000
-18800
-18700
-18700
-18800
-18900
-19100
-19100
-19200
-19300
-19200
-18900
-18700
-18500
-18500
-18600
-18800
-18900
-19100
-19200
-19400
-19500
-19600
-19600
-19300
-18900
-18700
-18600
-18800
-18800
-19000
-18900
-19000
-19100
-19300
-19200
-19000
-18800
-18700
-18700
-18700
-18900
-18900
-19100
-19200
-19400
-19400
-19500
-19500
-19200
-18900
-18700
-18600
-18700
-18900
-18900
-19000
-19100
-19100
-19200
-19000
-18900
-18800
-18800
-18900
-18900
-19000
-19100
-19300
-19400
-19500
-19500
-19600
-19500
-19200
-18900
-18700
-18800
-18800
-18800
-18900
-19000
-19000
-19000
-19000
-18900
-18900
-18800
-18800
-18900
-19000
-19000
-19000
-19200
-19400
-19500
-19400
-19500
-19400
-19100
-19000
-18900
-18800
-18800
-18900
-19000
-19000
-19000
-19000
-19000
-18900
-18900
-18900
-18900
-18900
-19000
-19000
-19200
-19200
-19400
-19400
-19500
-19500
-19500
-19100
-19000
-18900
-18800
-18800
-18800
-19000
-19000
-19000
-19100
-19000
-19000
-18900
-18900
-18900
-18900
-19000
-19100
-19100
-19300
-19500
-19500
-19500
-19400
-19400
-19200
-19000
-18900
-19000
-18900
-18900
-18900
-19000
-19000
-19100
-18900
-19000
-19000
-19000
-19000
-19000
-19100
-19100
-19200
-19300
-19400
-19500
-19400
-19500
-19500
-19200
-19000
-18800
-18800
-18700
-18600
-18800
-18800
-18900
-19000
-19100
-19100
-19100
-19000
-19000
-19000
-19100
-19100
-19200
-19400
-19400
-19600
-19500
-19700
-19600
-19400
-19100
-19000
-18900
-18800
-18800
-19000
-19100
-19100
-19200
-19200
-19300
-19300
-19100
-19100
-19100
-19100
-19300
-19300
-19200
-19300
-19400
-19500
-19500
-19400
-19100
-18900
-18800
-18600
-18600
-18900
-19000
-19100
-19200
-19400
-19300
-19300
-19300
-19200
-19100
-19000
-19000
-19200
-19200
-19300
-19300
-19400
-19600
-19500
-19400
-19200
-19100
-18900
-18900
-19000
-19200
-19200
-19400
-19500
-19600
-19700
-19700
-19600
-19400
-19300
-19300
-19300
-19300
-19400
-19500
-19700
-19800
-19800
-19800
-19600
-19400
-19200
-19200
-19200
-19400
-19500
-19600
-19700
-19800
-19900
-20000
-20000
-19800
-19500
-19400
-19400
-19400
-19500
-19600
-19700
-19800
-19800
-19900
-19900
-19700
-19500
-19300
-19300
-19400
-19500
-19700
-19800
-19900
-20000
-20100
-20300
-20100
-19800
-19500
-19500
-19600
-19800
-19800
-19900
-20000
-20000
-20000
-20000
-20000
-19800
-19600
-19600
-19700
-19800
-19900
-20000
-20200
-20300
-20400
-20500
-20600
-20400
-20100
-20000
-19900
-19900
-20000
-20100
-20200
-20300
-20300
-20300
-20300
-20200
-20000
-19900
-20000
-20000
-20100
-20200
-20200
-20300
-20400
-20600
-20600
-20600
-20300
-20100
-20000
-19900
-20000
-20100
-20000
-20100
-20200
-20300
-20300
-20200
-20000
-20100
-20100
-20200
-20300
-20300
-20400
-20500
-20600
-20700
-20800
-20800
-20600
-20400
-20200
-20100
-20100
-20200
-20300
-20300
-20300
-20300
-20300
-20300
-20200
-20100
-20100
-20100
-20200
-20300
-20300
-20400
-20500
-20600
-20700
-20700
-20700
-20400
-20400
-20200
-20100
-20100
-20200
-20300
-20300
-20300
-20300
-20300
-20300
-20100
-20000
-20100
-20100
-20200
-20100
-20200
-20300
-20400
-20400
-20600
-20500
-20300
-20100
-20100
-20000
-19900
-19900
-20000
-20000
-20000
-20000
-20000
-20000
-20000
-19900
-19900
-19900
-19800
-19800
-19900
-20000
-19900
-20100
-20200
-20200
-20200
-20100
-19900
-19800
-19800
-19800
-20000
-19900
-19800
-19800
-19900
-20000
-19800
-19800
-19800
-19800
-19800
-19800
-19900
-20000
-20100
-20200
-20300
-20300
-20400
-20300
-20100
-19900
-19800
-19800
-19800
-19800
-19800
-19800
-19800
-19700
-19700
-19700
-19700
-19800
-19800
-19800
-19800
-19900
-20000
-20100
-20100
-20100
-20300
-20200
-20100
-19900
-19800
-19600
-19500
-19400
-19400
-19400
-19500
-19500
-19400
-19500
-19500
-19600
-19600
-19600
-19600
-19600
-19700
-19800
-19800
-19900
-19900
-20000
-20000
-19900
-19800
-19600
-19400
-19300
-19200
-19200
-19300
-19400
-19500
-19400
-19500
-19500
-19500
-19400
-19500
-19500
-19500
-19500
-19500
-19600
-19700
-19700
-19800
-19700
-19700
-19500
-19300
-19100
-19100
-19100
-19100
-19100
-19100
-19200
-19300
-19200
-19300
-19300
-19200
-19200
-19200
-19200
-19200
-19300
-19300
-19400
-19500
-19500
-19500
-19300
-19200
-19000
-18700
-18600
-18500
-18700
-18800
-18800
-19000
-19100
-19200
-19200
-19100
-18900
-18900
-18900
-18900
-18900
-18900
-19000
-19000
-19100
-19100
-19100
-19000
-18800
-18400
-18200
-18100
-18400
-18400
-18500
-18700
-18700
-18800
-19000
-19000
-18900
-18700
-18500
-18300
-18300
-18400
-18500
-18600
-18600
-18700
-18800
-18800
-18500
-18200
-18000
-17800
-17800
-18000
-18000
-18300
-18400
-18500
-18600
-18700
-18800
-18600
-18200
-17900
-17800
-17800
-17800
-18000
-18100
-18200
-18300
-18300
-18300
-18200
-17800
-17600
-17400
-17500
-17700
-17800
-18000
-18200
-18300
-18500
-18500
-18500
-18200
-17700
-17500
-17400
-17500
-17700
-17900
-18000
-18100
-18100
-18200
-17900
-17700
-17300
-17000
-17100
-17500
-17600
-17700
-17900
-18000
-18200
-18300
-18400
-18500
-17900
-17500
-17200
-17000
-17100
-17500
-17600
-17800
-17800
-17800
-17900
-17800
-17400
-17100
-17000
-17100
-17300
-17500
-17800
-17800
-18000
-18100
-18200
-18300
-18100
-17400
-17100
-16800
-16700
-16800
-17200
-17400
-17600
-17400
-17300
-17400
-17200
-17000
-16700
-16600
-16800
-17000
-17100
-17200
-17400
-17600
-17700
-17800
-17900
-17600
-17100
-16700
-16600
-16500
-16600
-16800
-17000
-17000
-17100
-17100
-17000
-16900
-16700
-16600
-16700
-16900
-17000
-17100
-17300
-17500
-17700
-17700
-17800
-17800
-17500
-16900
-16800
-16500
-16400
-16700
-16800
-16800
-16900
-17000
-16900
-16900
-16600
-16400
-16400
-16500
-16800
-16800
-16900
-17200
-17300
-17400
-17600
-17800
-17700
-17400
-16700
-16600
-16400
-16400
-16400
-16500
-16600
-16600
-16600
-16600
-16600
-16600
-16500
-16500
-16500
-16700
-16800
-16800
-17000
-17100
-17300
-17500
-17500
-17400
-16900
-16600
-16400
-16200
-16200
-16200
-16300
-16200
-16400
-16300
-16400
-16400
-16400
-16400
-16400
-16300
-16400
-16400
-16600
-16700
-16800
-16900
-17100
-16900
-16800
-16500
-16400
-16200
-15800
-15800
-15900
-16100
-16200
-16300
-16300
-16300
-16500
-16500
-16300
-16300
-16300
-16400
-16400
-16500
-16700
-16800
-16900
-17000
-17000
-16800
-16500
-16200
-15800
-15600
-15600
-15800
-15900
-16000
-16100
-16400
-16500
-16500
-16600
-16400
-16300
-16300
-16300
-16300
-16400
-16400
-16500
-16600
-16700
-16500
-16500
-16300
-16000
-15600
-15300
-15400
-15600
-15800
-15800
-16000
-16200
-16300
-16200
-16200
-16100
-16000
-15900
-15800
-15800
-15900
-15900
-16200
-16300
-16300
-16200
-16100
-15900
-15500
-15200
-15000
-15300
-15500
-15700
-15800
-16100
-16300
-16500
-16500
-16600
-16400
-16100
-15900
-15800
-15800
-15800
-15800
-16000
-16100
-16200
-16200
-16000
-15800
-15400
-15100
-15200
-15400
-15600
-15800
-16000
-16100
-16400
-16600
-16700
-16400
-16000
-15800
-15500
-15500
-15500
-15600
-15800
-15900
-16000
-16000
-16000
-15900
-15500
-15100
-14900
-15200
-15400
-15700
-15900
-16100
-16200
-16500
-16600
-16500
-16300
-15700
-15300
-15000
-14800
-15200
-15500
-15700
-15800
-15900
-15900
-15900
-15600
-15200
-14900
-14900
-15200
-15400
-15600
-15900
-16000
-16300
-16400
-16500
-16400
-15800
-15300
-14900
-14900
-15000
-15300
-15400
-15500
-15600
-15700
-15600
-15500
-15200
-14900
-14800
-15000
-15200
-15400
-15600
-15700
-16000
-16100
-16300
-16300
-15900
-15200
-14700
-14300
-14400
-14700
-14900
-15000
-15100
-15200
-15200
-15100
-14800
-14500
-14300
-14500
-14900
-15200
-15500
-15700
-15800
-16000
-16300
-16400
-16300
-15600
-14800
-14500
-14300
-14500
-14800
-15000
-15200
-15200
-15200
-15300
-15100
-14900
-14600
-14500
-14700
-15000
-15300
-15600
-15700
-15900
-16000
-16200
-16200
-16000
-15300
-14600
-14200
-14200
-14600
-14900
-14800
-14900
-15000
-14800
-14800
-14500
-14200
-14000
-14200
-14500
-14900
-15100
-15400
-15600
-15900
-16000
-16200
-16100
-15600
-14400
-14000
-13800
-13800
-14300
-14800
-14900
-14900
-14900
-14900
-14700
-14500
-14200
-14100
-14300
-14600
-14800
-15100
-15300
-15600
-15800
-15900
-16000
-15700
-14800
-14100
-13600
-13600
-14000
-14300
-14600
-14700
-14700
-14800
-14800
-14700
-14300
-14200
-14300
-14500
-14700
-14900
-15200
-15500
-15700
-16000
-16000
-15900
-15500
-14600
-14200
-13800
-13900
-14100
-14300
-14500
-14600
-14600
-14600
-14600
-14500
-14300
-14300
-14400
-14700
-15400
-15400
-15700
-15800
-16100
-16200
-16200
-16000
-15400
-14800
-14300
-14200
-14200
-14600
-14800
-14900
-15000
-15100
-15000
-14900
-14900
-14800
-14800
-14900
-15100
-15300
-15600
-15800
-16000
-16100
-16200
-16200
-15800
-15000
-14300
-14100
-13900
-14100
-14500
-14700
-14900
-15000
-15000
-15000
-15000
-15000
-15000
-15000
-15100
-15100
-15300
-15500
-15700
-16000
-16200
-16100
-15900
-15700
-15100
-14300
-13700
-13600
-13900
-14300
-14600
-14800
-14900
-15000
-15100
-15100
-15000
-15000
-15000
-14900
-15000
-15000
-15200
-15500
-15700
-15900
-15800
-15600
-15400
-14700
-13700
-13400
-13200
-13400
-14100
-14500
-14700
-14800
-15100
-15300
-15400
-15100
-14800
-14600
-14600
-14600
-14800
-15000
-15000
-15300
-15500
-15500
-15300
-15200
-14200
-13100
-12500
-12700
-13500
-14000
-14400
-14800
-15100
-15300
-15500
-15500
-15400
-14800
-14100
-13500
-14000
-14200
-14600
-14800
-14800
-15000
-15300
-15200
-14600
-13400
-12500
-12200
-12500
-13200
-14000
-14500
-14700
-14700
-15000
-15300
-15400
-15100
-14400
-13100
-12600
-12900
-13400
-13900
-14300
-14400
-14600
-14600
-14500
-14000
-13100
-12000
-11900
-12400
-13400
-14000
-14200
-14400
-14700
-15000
-15200
-15100
-14800
-13800
-12400
-11800
-12000
-12700
-13500
-13900
-14000
-14100
-14300
-14000
-13500
-12400
-11600
-11700
-12400
-13400
-14000
-14100
-14400
-14700
-14900
-15200
-15000
-14600
-13000
-11700
-11400
-11700
-12500
-13200
-13500
-13700
-13900
-13900
-13600
-13100
-12300
-11500
-11700
-12500
-13400
-13800
-14100
-14500
-14700
-15000
-15100
-14900
-14400
-12400
-10800
-10900
-11400
-12400
-13300
-13600
-13600
-13800
-13800
-13200
-12200
-11500
-11400
-11800
-12800
-13500
-13800
-14100
-14500
-14600
-14800
-14800
-14800
-14100
-11900
-11100
-11200
-11900
-12600
-13400
-13600
-13700
-13700
-13700
-13200
-12400
-11600
-11600
-12300
-13300
-13700
-14000
-14200
-12600
-12800
-12800
-13200
-12800
-13100
-12300
-11600
-11200
-11100
-11300
-11600
-11900
-11700
-13000
-11600
-12200
-12200
-11800
-11600
-11800
-11900
-12000
-11900
-12600
-12800
-12700
-13200
-13200
-11800
-12300
-12200
-11700
-11300
-11200
-11000
-11700
-11900
-11900
-12200
-12300
-11800
-11600
-11900
-11800
-11800
-11900
-12500
-12300
-11900
-12000
-12600
-12700
-12100
-12300
-12200
-12200
-11500
-11000
-10400
-11200
-11500
-11400
-11800
-12000
-12300
-12000
-11800
-12100
-11700
-12000
-12000
-12000
-12200
-12700
-12100
-12400
-12300
-12700
-12800
-11800
-12000
-11600
-11200
-11200
-11100
-11000
-11600
-11900
-12000
-12000
-12200
-11900
-12300
-11200
-11300
-11200
-12200
-11900
-12100
-11700
-11900
-12200
-11900
-12400
-11800
-11000
-11000
-10800
-11200
-11300
-11800
-11600
-11700
-11500
-12000
-12100
-11200
-11900
-12100
-11400
-12000
-12000
-12100
-11300
-11800
-12600
-12100
-12100
-12000
-12000
-10800
-10900
-11000
-10900
-10500
-11400
-11800
-12100
-11800
-11700
-12200
-11800
-11700
-11400
-11300
-11500
-11700
-11400
-11800
-11600
-11700
-11500
-11400
-11500
