1.01
1.009806983
1.009235382
1.008307263
1.007058454
1.005537165
1.003802122
1.001920304
0.999964356
0.998009783
0.99613204
0.994403613
0.992891227
0.991653264
0.990737514
0.990179328
0.990000254
0.990207205
0.990792193
0.991732633
0.992992223
0.994522338
0.996263909
0.998149706
1.000106931
1.002060029
1.003933602
1.005655324
1.007158731
1.008385786
1.009289121
1.009833863
1.009998984
1.009778109
1.009179765
1.00822705
1.006956743
1.005417881
1.00366987
1.001780189
0.999821787
0.997870264
0.996000957
0.994286026
0.992791675
0.991575591
0.990684717
0.990153446
0.990002287
0.990237074
0.990848744
0.991813684
0.993094644
0.994642176
0.996396538
0.998290006
1.000249486
1.002199335
1.004064281
1.005772333
1.007257552
1.008462605
1.009340971
1.009858744
1.009995935
1.009747247
1.009122283
1.008145166
1.006853617
1.005297495
1.003536872
1.001639712
0.999679254
0.997731178
0.995870687
0.994169601
0.992693589
0.99149963
0.990633815
0.990129567
0.990006352
0.990268927
0.990907155
0.991896398
0.993198469
0.994763103
0.996529899
0.998430653
1.000391989
1.002338193
1.004194135
1.005888169
1.007354898
1.008537703
1.009390923
1.009881621
1.009990854
1.009714405
1.009062946
1.008061625
1.006749098
1.005176033
1.003403154
1.001498902
0.999536787
0.997592554
0.995741256
0.994054361
0.992596988
0.991425397
0.990584816
0.990107694
0.990012449
0.990302758
0.990967415
0.99198076
0.993303677
0.994885095
0.996663965
0.998571619
1.000534413
1.002476577
1.004323136
1.006002807
1.007450749
1.008611066
1.009438966
1.009902489
1.009983742
1.009679587
1.009001766
1.007976446
1.006643208
1.005053518
1.003268745
1.001357787
0.999394414
0.997454419
0.995612691
0.99394033
0.992501892
0.991352908
0.990537731
0.990087831
0.990020576
0.99033856
0.99102951
0.992066752
0.993410245
0.995008126
0.99679871
0.998712875
1.000676728
1.002614457
1.004451258
1.006116226
1.007545085
1.008682679
1.00948509
1.009921344
1.0099746
1.009642802
1.008938757
1.007889646
1.006535966
1.004929976
1.003133672
1.001216396
0.999252164
0.997316801
0.995485018
0.99382753
0.99240832
0.991282176
0.99049257
0.990069984
0.990030731
0.990376327
0.99109343
0.992154357
0.993518154
0.995132172
0.996934106
0.998854394
1.000818906
1.002751805
1.004578476
1.006228401
1.007637888
1.008752526
1.009529286
1.009938183
1.009963431
1.009604056
1.008873931
1.007801241
1.006427397
1.004805432
1.002997961
1.001074758
0.999110066
0.997179728
0.995358263
0.993715985
0.992316292
0.991213216
0.990449342
0.990054155
0.990042913
0.990416049
0.991159159
0.992243557
0.99362738
0.995257208
0.997070125
0.998996145
1.000960917
1.002888594
1.004704762
1.00633931
1.007729138
1.008820594
1.009571545
1.009953001
1.009950237
1.009563358
1.008807301
1.007711251
1.00631752
1.004679911
1.002861641
1.000932902
0.998968149
0.997043229
0.995232452
0.993605718
0.992225825
0.991146043
0.990408054
0.990040348
0.990057119
0.99045772
0.991226686
0.992334333
0.993737901
0.995383208
0.997206739
0.9991381
1.001102733
1.003024796
1.004830092
1.00644893
1.007818817
1.00888687
1.009611858
1.009965796
1.009935019
1.009520716
1.00873888
1.007619693
1.006206359
1.004553439
1.002724739
1.000790855
0.998826442
0.996907332
0.995107609
0.99349675
0.992136939
0.99108067
0.990368717
0.990028566
0.990073347
0.990501331
0.991295997
0.992426668
0.993849695
0.995510146
0.997343921
0.99928023
1.001244324
1.003160383
1.004954441
1.006557239
1.007906906
1.008951338
1.009650218
1.009976565
1.009917782
1.009476139
1.008668683
1.007526586
1.006093937
1.004426041
1.002587284
1.000648648
0.998684973
0.996772062
0.994983761
0.993389104
0.992049651
0.991017109
0.990331338
0.990018811
0.990091592
0.990546873
0.991367077
0.992520542
0.99396274
0.995637997
0.997481643
0.999422506
1.001385663
1.003295328
1.005077782
1.006664216
1.007993388
1.009013987
1.009686615
1.009985306
1.00989853
1.009429635
1.008596724
1.00743195
1.005980276
1.004297743
1.002449302
1.000506309
0.998543772
0.996637449
0.994860933
0.993282803
0.99196398
0.990955375
0.990295924
0.990011084
0.990111852
0.990594336
0.991439912
0.992615936
0.994077012
0.995766735
0.997619877
0.9995649
1.00152672
1.003429603
1.005200091
1.006769838
1.008078245
1.009074804
1.009721044
1.009992017
1.009877264
1.009381215
1.008523018
1.007335802
1.005865399
1.004168572
1.002310822
1.000363868
0.998402866
0.99650352
0.994739149
0.993177866
0.991879941
0.990895479
0.990262483
0.990005389
0.990134121
0.990643711
0.991514486
0.992712832
0.994192488
0.995896334
0.997758595
0.999707383
1.001667467
1.00356318
1.005321343
1.006874083
1.00816146
1.009133776
1.009753496
1.009996697
1.009853991
1.009330887
1.008447578
1.007238163
1.00574933
1.004038553
1.002171873
1.000221352
0.998262285
0.996370301
0.994618435
0.993074317
0.991797554
0.990837434
0.990231021
0.990001725
0.990158396
0.990694988
0.991590786
0.992811209
0.994309144
0.996026766
0.997897769
0.999849925
1.001807874
1.003696034
1.005441513
1.006976931
1.008243015
1.009190891
1.009783966
1.009999345
1.009828715
1.009278663
1.008370422
1.007139053
1.005632092
1.003907713
1.002032483
1.000078791
0.998122058
0.99623782
0.994498815
0.992972175
0.991716834
0.990781252
0.990201545
0.990000093
0.990184672
0.990748157
0.991668796
0.992911047
0.994426957
0.996158006
0.99803737
0.999992497
1.001947914
1.003828135
1.005560577
1.007078361
1.008322896
1.009246137
1.009812446
1.00999996
1.009801441
1.009224552
1.008291564
1.007038492
1.00551371
1.003776079
1.001892679
0.999936214
0.997982212
0.996106104
0.994380313
0.992871462
0.991637798
0.990726943
0.990174061
0.990000494
0.990212943
0.990803207
0.991748498
0.993012327
0.994545904
0.996290028
0.998177369
1.000135071
1.002087559
1.003959459
1.005678511
1.007178352
1.008401084
1.009299505
1.009838932
1.009998543
1.009772175
1.009168567
1.00821102
1.0069365
1.005394206
1.003643677
1.00175249
0.99979365
0.997842777
0.995975179
0.994262954
0.992772199
0.991560461
0.99067452
0.990148574
0.990002928
0.990243204
0.990860126
0.991829879
0.993115027
0.994665959
0.996422803
0.99831774
1.000277618
1.002226778
1.004089978
1.00579529
1.007276884
1.008477564
1.009350981
1.009863418
1.009995093
1.009740922
1.009110717
1.008128807
1.006833097
1.005273606
1.003510535
1.001611945
0.999651129
0.99770378
0.995845073
0.994146761
0.992674404
0.991484841
0.990623992
0.99012509
0.990007394
0.990275448
0.990918903
0.99191292
0.993219126
0.994787098
0.996556306
0.998458452
1.000420108
1.002365546
1.004219665
1.005910891
1.007373936
1.008552321
1.009400557
1.009885899
1.009989611
1.009707688
1.009051016
1.008044942
1.006728306
1.005151934
1.003376679
1.001471072
0.999508678
0.997565249
0.995715811
0.994031757
0.992578099
0.991410951
0.990575371
0.990103614
0.990013892
0.990309669
0.990979526
0.991997605
0.993324604
0.994909297
0.996690508
0.998599478
1.000562512
1.002503832
1.004348495
1.006025291
1.00746949
1.00862534
1.009448222
1.00990637
1.009982098
1.009672482
1.008989474
1.007959442
1.006622147
1.005029214
1.003242136
1.001329901
0.999366326
0.997427214
0.99558742
0.993917967
0.992483302
0.991338807
0.990528665
0.990084149
0.990022419
0.990345859
0.991041982
0.992083916
0.993431439
0.99503253
0.996825384
0.998740788
1.000704803
1.002641609
1.004476441
1.006138466
1.007563525
1.008696605
1.009493967
1.009924828
1.009972556
1.009635309
1.008926105
1.007872323
1.006514642
1.004905473
1.003106935
1.001188459
0.999224104
0.997289702
0.995459926
0.993805413
0.992390033
0.991268424
0.990483884
0.9900667
0.990032975
0.990384012
0.99110626
0.992171837
0.993539609
0.995156774
0.996960904
0.998882354
1.00084695
1.00277885
1.004603476
1.006250393
1.007656022
1.008766103
1.009537781
1.009941268
1.009960987
1.009596178
1.008860922
1.007783604
1.006405812
1.004780734
1.002971102
1.001046775
0.99908204
0.99715274
0.995333355
0.993694119
0.992298311
0.991199816
0.990441038
0.99005127
0.990045557
0.99042412
0.991172346
0.99226135
0.993649092
0.995282002
0.997097043
0.999024148
1.000988924
1.002915525
1.004729576
1.006361049
1.007746963
1.008833818
1.009579657
1.009955687
1.009947393
1.009555095
1.008793938
1.007693303
1.006295681
1.004655023
1.002834665
1.000904879
0.998940162
0.997016358
0.995207733
0.993584106
0.992208155
0.991132997
0.990400135
0.990037862
0.990060162
0.990466175
0.991240226
0.992352435
0.993759867
0.995408189
0.997233772
0.99916614
1.001130698
1.003051608
1.004854715
1.006470412
1.00783633
1.008899738
1.009619585
1.009968082
1.009931777
1.009512071
1.008725165
1.007601438
1.006184269
1.004528366
1.002697652
1.000762799
0.998798499
0.996880582
0.995083085
0.993475398
0.992119583
0.99106798
0.990361184
0.99002648
0.990076788
0.990510167
0.991309887
0.992445075
0.99387191
0.99553531
0.997371062
0.999308301
1.001272242
1.00318707
1.004978866
1.00657846
1.007924103
1.008963848
1.009657557
1.009978451
1.009914142
1.009467112
1.008654619
1.007508028
1.0060716
1.004400788
1.00256009
1.000620563
0.998657081
0.99674544
0.994959436
0.993368016
0.992032613
0.991004779
0.990324192
0.990017125
0.990095432
0.990556089
0.991381314
0.992539251
0.993985198
0.995663338
0.997508888
0.999450603
1.001413528
1.003321885
1.005102006
1.006685171
1.008010266
1.009026136
1.009693567
1.009986792
1.009894492
1.00942023
1.008582314
1.007413091
1.005957698
1.004272316
1.002422008
1.000478202
0.998515936
0.996610959
0.994836812
0.993261982
0.991947262
0.990943407
0.990289167
0.990009799
0.990116088
0.99060393
0.991454494
0.992634943
0.99409971
0.995792248
0.99764722
0.999593017
1.001554526
1.003456024
1.005224108
1.006790523
1.0080948
1.00908659
1.009727606
1.009993102
1.00987283
1.009371432
1.008508264
1.007316648
1.005842584
1.004142975
1.002283433
1.000335743
0.998375092
0.996477168
0.994715238
0.993157318
0.991863549
0.990883875
0.990256116
0.990004505
0.990138754
0.990653682
0.99152941
0.992732133
0.99421542
0.995922013
0.99778603
0.999735514
1.001695208
1.003589461
1.005345148
1.006894494
1.008177689
1.009145196
1.009759667
1.009997381
1.009849161
1.009320729
1.008432485
1.007218717
1.005726282
1.004012792
1.002144395
1.000193216
0.998234579
0.996344093
0.994594738
0.993054044
0.991781489
0.990826197
0.990225046
0.990001242
0.990163424
0.990705333
0.991606049
0.9928308
0.994332307
0.996052607
0.99792529
0.999878064
1.001835545
1.003722168
1.005465102
1.006997064
1.008258915
1.009201943
1.009789745
1.009999628
1.00982349
1.009268132
1.008354991
1.007119319
1.005608816
1.003881794
1.00200492
1.00005065
0.998094424
0.996211761
0.994475336
0.992952183
0.9917011
0.990770384
0.990195962
0.990000011
0.990190094
0.990758874
0.991684393
0.992930924
0.994450346
0.996184003
0.998064972
1.000020639
1.001975509
1.003854118
1.005583945
1.007098212
1.008338463
1.00925682
1.009817832
1.009999842
1.009795822
1.00921365
1.008275799
1.007018474
1.00549021
1.003750006
1.001865038
0.999908073
0.997954657
0.996080199
0.994357058
0.992851755
0.991622398
0.990716446
0.990168872
0.990000814
0.990218759
0.990814294
0.991764429
0.993032486
0.994569513
0.996316176
0.998205047
1.00016321
1.002115072
1.003985285
1.005701652
1.007197916
1.008416315
1.009309815
1.009843924
1.009998023
1.009766163
1.009157296
1.008194925
1.006916201
1.005370488
1.003617456
1.001724777
0.999765516
0.997815306
0.995949434
0.994239927
0.992752779
0.991545399
0.990664396
0.99014378
0.990003649
0.990249411
0.99087158
0.991846138
0.993135463
0.994689784
0.996449097
0.998345487
1.000305747
1.002254205
1.004115642
1.005818201
1.007296157
1.008492457
1.009360918
1.009868014
1.009994172
1.009734519
1.00909908
1.008112385
1.006812523
1.005249675
1.00348417
1.001584165
0.999623005
0.997676399
0.995819492
0.994123967
0.992655277
0.991470119
0.990614244
0.990120692
0.990008516
0.990282046
0.990930723
0.991929505
0.993239836
0.994811134
0.99658274
0.998486263
1.000448223
1.002392879
1.004245162
1.005933567
1.007392916
1.008566872
1.009410117
1.009890099
1.009988289
1.009700896
1.009039014
1.008028195
1.00670746
1.005127794
1.003350177
1.001443231
0.999480572
0.997537964
0.9956904
0.994009201
0.992559268
0.991396573
0.990566
0.990099612
0.990015414
0.990316656
0.990991708
0.992014512
0.993345584
0.994933539
0.996717077
0.998627348
1.000590607
1.002531067
1.004373819
1.006047727
1.007488171
1.008639546
1.009457404
1.009910173
1.009980375
1.0096653
1.008977111
1.007942374
1.006601034
1.005004871
1.003215502
1.001302004
0.999338244
0.99740003
0.995562184
0.993895653
0.992464771
0.991324775
0.990519673
0.990080545
0.990024342
0.990353235
0.991054526
0.992101143
0.993452684
0.995056974
0.996852082
0.998768711
1.000732871
1.002668741
1.004501587
1.006160657
1.007581904
1.008710463
1.009502768
1.009928233
1.009970433
1.00962774
1.008913383
1.007854938
1.006493265
1.00488093
1.003080174
1.001160512
0.99919605
0.997262624
0.99543487
0.993783346
0.992371806
0.991254741
0.990475274
0.990063494
0.990035298
0.990391774
0.991119161
0.99218938
0.993561115
0.995181414
0.996987727
0.998910324
1.000874987
1.002805872
1.00462844
1.006272335
1.007674096
1.00877961
1.0095462
1.009944274
1.009958464
1.009588223
1.008847843
1.007765906
1.006384177
1.004755997
1.002944219
1.001018784
0.99905402
0.997125775
0.995308484
0.993672303
0.992280392
0.991186485
0.990432811
0.990048463
0.99004828
0.990432267
0.991185602
0.992279204
0.993670855
0.995306833
0.997123984
0.999052159
1.001016924
1.002942433
1.004754353
1.006382738
1.007764728
1.008846972
1.009587692
1.009958294
1.009944471
1.009546757
1.008780505
1.007675294
1.006273791
1.004630098
1.002807666
1.000876849
0.998912183
0.99698951
0.995183052
0.993562546
0.992190547
0.991120021
0.990392293
0.990035455
0.990063284
0.990474705
0.991253835
0.992370597
0.993781882
0.995433207
0.997260826
0.999194187
1.001158655
1.003078395
1.004879298
1.006491844
1.007853781
1.008912535
1.009627235
1.009970289
1.009928456
1.00950335
1.008711381
1.007583123
1.00616213
1.004503257
1.002670543
1.000734736
0.998770566
0.996853857
0.995058599
0.993454097
0.99210229
0.991055361
0.990353727
0.990024473
0.990080308
0.990519079
0.991323846
0.992463542
0.993894172
0.995560509
0.997398225
0.999336378
1.00130015
1.003213732
1.005003252
1.006599629
1.007941238
1.008976287
1.009664821
1.009980258
1.009910423
1.009458011
1.008640487
1.00748941
1.006049216
1.004375501
1.002532876
1.000592473
0.998629199
0.996718843
0.994935151
0.99334698
0.992015638
0.99099252
0.990317123
0.990015518
0.990099349
0.99056538
0.99139562
0.992558019
0.994007704
0.995688713
0.997536152
0.999478705
1.001441381
1.003348415
1.005126189
1.006706074
1.008027081
1.009038214
1.009700442
1.009988198
1.009890375
1.00941075
1.008567836
1.007394174
1.005935072
1.004246855
1.002394694
1.00045009
0.998488111
0.996584497
0.994812732
0.993241214
0.991930609
0.99093151
0.990282487
0.990008593
0.990120403
0.990613599
0.991469143
0.992654008
0.994122454
0.995817793
0.997674581
0.999621137
1.001582319
1.003482418
1.005248083
1.006811155
1.008111291
1.009098304
1.009734091
1.009994108
1.009868317
1.009361575
1.008493444
1.007297436
1.005819722
1.004117346
1.002256026
1.000307616
0.998347331
0.996450844
0.994691368
0.993136823
0.99184722
0.990872344
0.990249826
0.9900037
0.990143465
0.990663727
0.991544401
0.992751491
0.994238399
0.995947724
0.997813482
0.999763647
1.001722935
1.003615713
1.005368911
1.006914851
1.008193853
1.009156544
1.009765761
1.009997985
1.009844253
1.009310497
1.008417325
1.007199214
1.005703188
1.003987
1.002116899
1.000165079
0.998206886
0.996317914
0.994571083
0.993033827
0.991765489
0.990815033
0.990219148
0.990000838
0.99016853
0.990715752
0.991621377
0.992850447
0.994355515
0.996078479
0.997952827
0.999906204
1.001863201
1.003748273
1.005488648
1.007017142
1.00827475
1.009212923
1.009795446
1.009999831
1.009818187
1.009257527
1.008339495
1.007099528
1.005585496
1.003855843
1.001977342
1.000022508
0.998066806
0.996185731
0.994451901
0.992932247
0.991685432
0.990759589
0.990190457
0.990000009
0.990195594
0.990769664
0.991700057
0.992950857
0.994473778
0.996210031
0.998092589
1.00004878
1.002003089
1.003880071
1.005607268
1.007118006
1.008353964
1.00926743
1.00982314
1.009999644
1.009790126
1.009202675
1.008259969
1.0069984
1.005466668
1.003723903
1.001837383
0.999879933
0.997927119
0.996054325
0.994333847
0.992832103
0.991607065
0.990706023
0.990163761
0.990001212
0.990224651
0.990825453
0.991780424
0.993052699
0.994593165
0.996342353
0.998232739
1.000191347
1.002142569
1.00401108
1.005724749
1.007217423
1.00843148
1.009320052
1.009848837
1.009997424
1.009760074
1.009145952
1.008178765
1.006895848
1.005346728
1.003591206
1.00169705
0.999737383
0.997787853
0.99592372
0.994216945
0.992733417
0.991530404
0.990654347
0.990139065
0.990004449
0.990255696
0.990883107
0.991862462
0.993155954
0.994713651
0.996475418
0.998373247
1.000333875
1.002281613
1.004141273
1.005841066
1.007315373
1.008507282
1.009370779
1.009872532
1.009993171
1.009728039
1.00908737
1.008095898
1.006791895
1.005225702
1.003457778
1.001556372
0.999594885
0.997649037
0.995793944
0.994101219
0.992636208
0.991455465
0.99060457
0.990116372
0.990009717
0.990288721
0.990942614
0.991946154
0.9932606
0.994835211
0.996609201
0.998514087
1.000476334
1.002420194
1.004270625
1.005956196
1.007411837
1.008581354
1.009419602
1.009894221
1.009986888
1.009694026
1.009026941
1.008011385
1.006686561
1.005103613
1.003323648
1.001415378
0.99945247
0.997510699
0.995665023
0.993986692
0.992540496
0.991382262
0.990556704
0.990095689
0.990017016
0.99032372
0.991003963
0.992031483
0.993366617
0.994957822
0.996743672
0.998655228
1.000618697
1.002558283
1.004399109
1.006070115
1.007506793
1.008653683
1.00946651
1.009913897
1.009978574
1.009658042
1.008964677
1.007925244
1.006579868
1.004980487
1.003188842
1.001274097
0.999310166
0.997372866
0.995536983
0.993873387
0.9924463
0.991310812
0.990510757
0.99007702
0.990026344
0.990360686
0.99106714
0.992118432
0.993473981
0.995081457
0.996878806
0.998796643
1.000760935
1.002695851
1.004526699
1.0061828
1.007600223
1.008724252
1.009511494
1.009931559
1.009968231
1.009620095
1.00890059
1.007837491
1.006471838
1.004856349
1.003053388
1.001132556
0.999168003
0.997235568
0.99540985
0.993761328
0.99235364
0.991241128
0.990466739
0.990060367
0.9900377
0.990399612
0.991132133
0.992206984
0.993582672
0.995206092
0.997014573
0.998938303
1.000903017
1.002832872
1.004653368
1.006294228
1.007692109
1.008793047
1.009554544
1.009947201
1.009955863
1.009580193
1.008834694
1.007748146
1.006362492
1.004731223
1.002917313
1.000990785
0.999026009
0.997098832
0.99528365
0.993650536
0.992262534
0.991173224
0.990424659
0.990045735
0.990051081
0.990440489
0.991198928
0.992297119
0.993692668
0.995331702
0.997150948
0.999080178
1.001044916
1.002969317
1.004779091
1.006404377
1.00778243
1.008860055
1.009595651
1.009960822
1.00994147
1.009538343
1.008767002
1.007657225
1.006251852
1.004605136
1.002780645
1.000848812
0.998884212
0.996962686
0.99515841
0.993541036
0.992173001
0.991107115
0.990384526
0.990033127
0.990066484
0.99048331
0.991267513
0.99238882
0.993803946
0.995458261
0.997287902
0.99922224
1.001186603
1.003105158
1.004903843
1.006513223
1.00787117
1.008925262
1.009634809
1.009972418
1.009925056
1.009494554
1.008697528
1.007564748
1.006139941
1.004478112
1.002643412
1.000706667
0.998742643
0.996827157
0.995034153
0.993432849
0.992085059
0.991042814
0.990346347
0.990022545
0.990083907
0.990528065
0.991337873
0.992482069
0.993916483
0.995585743
0.997425407
0.999364461
1.001328048
1.003240368
1.005027598
1.006620746
1.00795831
1.008988655
1.009672007
1.009981986
1.009906625
1.009448835
1.008626286
1.007470733
1.006026783
1.004350178
1.002505642
1.000564379
0.998601329
0.996692272
0.994910906
0.993325996
0.991998726
0.990980333
0.99031013
0.990013991
0.990103346
0.990574746
0.991409994
0.992576846
0.994030257
0.995714122
0.997563436
0.99950681
1.001469223
1.003374919
1.005150331
1.006726923
1.008043832
1.009050221
1.00970724
1.009989525
1.009886181
1.009401195
1.00855329
1.007375199
1.005912399
1.00422136
1.002367362
1.000421976
0.998460299
0.996558061
0.994788693
0.9932205
0.991914019
0.990919686
0.990275884
0.990007466
0.990124796
0.990623342
0.991483861
0.992673131
0.994145245
0.995843372
0.99770196
0.99964926
1.0016101
1.003508784
1.005272017
1.006831732
1.008127718
1.009109946
1.009740499
1.009995034
1.009863726
1.009351644
1.008478556
1.007278166
1.005796813
1.004091684
1.002228601
1.000279486
0.998319583
0.996424549
0.99466754
0.993116383
0.991830957
0.990860884
0.990243614
0.990002974
0.990148254
0.990673845
0.991559459
0.992770907
0.994261423
0.995973468
0.997840951
0.999791781
1.001750649
1.003641936
1.005392632
1.006935153
1.008209953
1.00916782
1.009771778
1.009998511
1.009839266
1.009300192
1.008402098
1.007179653
1.005680049
1.003961176
1.002089387
1.000136941
0.998179208
0.996291764
0.994547471
0.993013664
0.991749555
0.990803941
0.990213327
0.990000513
0.990173714
0.990726244
0.991636773
0.992870151
0.994378767
0.996104382
0.997980381
0.999934345
1.001890843
1.003774348
1.00551215
1.007037164
1.008290518
1.00922383
1.00980107
1.009999955
1.009812806
1.009246849
1.008323932
1.007079681
1.005562131
1.003829862
1.001949748
0.999994367
0.998039203
0.996159732
0.99442851
0.992912366
0.99166983
0.990748867
0.99018503
0.990000085
0.990201172
0.990780527
0.991715787
0.992970845
0.994497254
0.996236088
0.998120222
1.000076922
1.002030652
1.003905992
1.005630547
1.007137744
1.008369399
1.009277966
1.009828371
1.009999366
1.009784352
1.009191627
1.008244074
1.00697827
1.005443081
1.003697771
1.001809713
0.999851794
0.997899597
0.996028482
0.994310682
0.992812509
0.991591798
0.990695673
0.990158728
0.99000169
0.990230622
0.990836685
0.991796485
0.993072968
0.99461686
0.996368559
0.998260444
1.000219483
1.002170048
1.004036842
1.0057478
1.007236873
1.008446578
1.009330215
1.009853673
1.009996745
1.009753908
1.009134537
1.00816254
1.006875441
1.005322926
1.003564927
1.00166931
0.999709252
0.997760417
0.995898038
0.99419401
0.992714112
0.991515476
0.990644371
0.990134427
0.990005327
0.990262057
0.990894706
0.99187885
0.9931765
0.99473756
0.996501768
0.998401021
1.000361999
1.002309003
1.004166872
1.005863885
1.007334531
1.00852204
1.009380567
1.009876972
1.009992092
1.009721482
1.009075589
1.008079347
1.006771213
1.005201688
1.003431359
1.001528568
0.999566768
0.997621693
0.995768429
0.994078518
0.992617197
0.991440878
0.990594971
0.990112131
0.990010997
0.990295473
0.990954577
0.991962867
0.993281418
0.994859329
0.996635689
0.998541922
1.000504442
1.002447489
1.004296055
1.005978778
1.007430699
1.008595769
1.009429013
1.009898264
1.009985407
1.009687079
1.009014796
1.007994511
1.00666561
1.005079392
1.003297093
1.001387514
0.999424373
0.997483453
0.99563968
0.99396423
0.992521783
0.991368021
0.990547483
0.990091845
0.990018696
0.990330861
0.991016288
0.992048517
0.993387702
0.994982144
0.996770293
0.99868312
1.000646783
1.002585478
1.004424364
1.006092455
1.007525355
1.008667751
1.009475542
1.009917543
1.009976693
1.009650708
1.008952171
1.00790805
1.006558651
1.004956065
1.003162157
1.001246179
0.999282095
0.997345724
0.995511817
0.99385117
0.992427889
0.991296918
0.990501916
0.990073573
0.990028425
0.990368214
0.991079824
0.992135784
0.99349533
0.995105979
0.996905554
0.998824585
1.000788992
1.00272294
1.004551774
1.006204893
1.007618482
1.008737971
1.009520144
1.009934806
1.00996595
1.009612374
1.008887727
1.007819982
1.006450359
1.004831729
1.003026578
1.001104591
0.999139962
0.997208534
0.995384866
0.993739359
0.992335534
0.991227584
0.99045828
0.990057319
0.990040181
0.990407526
0.991145174
0.992224649
0.99360428
0.995230808
0.997041444
0.998966289
1.00093104
1.00285985
1.004678259
1.006316071
1.007710061
1.008806415
1.009562812
1.00995005
1.009953182
1.009572086
1.008821475
1.007730324
1.006340756
1.004706412
1.002890384
1.000962778
0.998998005
0.997071912
0.995258854
0.993628821
0.992244737
0.991160033
0.990416583
0.990043086
0.990053961
0.990448788
0.991212324
0.992315095
0.993714531
0.995356607
0.997177935
0.999108204
1.0010729
1.002996177
1.004803792
1.006425964
1.007800072
1.008873069
1.009603535
1.009963271
1.00993839
1.009529853
1.00875343
1.007639095
1.006229863
1.004580138
1.002753603
1.000820769
0.998856251
0.996935885
0.995133805
0.993519578
0.992155516
0.99109428
0.990376835
0.990030878
0.990069763
0.990491991
0.99128126
0.992407104
0.993826059
0.99548335
0.997315
0.9992503
1.001214541
1.003131896
1.004928349
1.006534551
1.007888497
1.008937919
1.009642306
1.009974467
1.009921578
1.009485682
1.008683606
1.007546312
1.006117705
1.004452932
1.002616261
1.000678593
0.998714729
0.996800481
0.995009746
0.993411652
0.992067891
0.991030337
0.990339043
0.990020696
0.990087584
0.990537127
0.991351969
0.992500655
0.993938842
0.995611011
0.997452611
0.999392548
1.001355935
1.003266978
1.005051905
1.00664181
1.007975319
1.009000952
1.009679117
1.009983635
1.009902749
1.009439583
1.008612017
1.007451996
1.006004302
1.004324822
1.002478388
1.00053628
0.998573469
0.996665728
0.994886701
0.993305065
0.991981877
0.990968217
0.990303215
0.990012542
0.99010742
0.990584186
0.991424436
0.992595731
0.994052858
0.995739565
0.997590739
0.99953492
1.001497054
1.003401396
1.005174433
1.006747719
1.008060519
1.009062155
1.009713961
1.009990773
1.009881908
1.009391566
1.008538677
1.007356165
1.00588968
1.004195832
1.002340011
1.000393857
0.998432499
0.996531652
0.994764696
0.99319984
0.991897494
0.990907933
0.990269358
0.990006419
0.990129267
0.99063316
0.991498645
0.992692313
0.994168082
0.995868984
0.997729358
0.999677386
1.001637868
1.003535123
1.00529591
1.006852256
1.008144081
1.009121516
1.00974683
1.009995881
1.009859057
1.009341639
1.008463601
1.007258838
1.005773859
1.00406599
1.002201158
1.000251355
0.998291848
0.996398282
0.994643754
0.993095997
0.991814758
0.990849498
0.990237479
0.990002327
0.99015312
0.990684038
0.991574583
0.99279038
0.994284492
0.995999243
0.997868438
0.999819918
1.001778349
1.003668131
1.005416309
1.0069554
1.008225987
1.009179023
1.009777717
1.009998957
1.009834202
1.009289813
1.008386804
1.007160036
1.005656866
1.00393532
1.002061858
1.000108801
0.998151544
0.996265643
0.994523902
0.992993557
0.991733685
0.990792922
0.990207584
0.990000268
0.990178975
0.990736809
0.991652234
0.992889912
0.994402064
0.996130316
0.998007951
0.999962486
1.001918469
1.003800393
1.005535608
1.00705713
1.008306222
1.009234664
1.009806617
1.01
1.009807348
1.009236098
1.008308303
1.007059779
1.005538722
1.003803851
1.001922139
0.999966225
0.998011615
0.996133764
0.994405163
0.992892542
0.991654293
0.990738218
0.99017968
0.990000241
0.990206827
0.990791464
0.991731582
0.99299089
0.994520774
0.996262175
0.998147869
1.000105062
1.002058199
1.003931883
1.005653782
1.007157425
1.008384767
1.009288428
1.009833523
1.00999901
1.0097785
1.009180506
1.008228113
1.006958086
1.005419452
1.003671609
1.001782029
0.999823656
0.997872091
0.99600267
0.994287561
0.992792971
0.991576598
0.990685397
0.990153773
0.990002247
0.990236669
0.99084799
0.99181261
0.993093292
0.994640597
0.996394794
0.998288164
1.000247617
1.002197511
1.004062573
1.005770806
1.007256266
1.008461609
1.009340304
1.009858431
1.009995988
1.009747665
1.009123048
1.00814625
1.006854979
1.005299081
1.00353862
1.001641557
0.999681123
0.997732999
0.99587239
0.99417112
0.992694866
0.991500615
0.99063447
0.990129867
0.990006286
0.990268496
0.990906377
0.991895303
0.993197099
0.99476151
0.996528146
0.998428807
1.000390121
1.002336376
1.004192438
1.005886657
1.007353631
1.00853673
1.009390281
1.009881334
1.009990933
1.009714848
1.009063736
1.008062732
1.006750478
1.005177632
1.003404912
1.001500751
0.999538655
0.997594368
0.995742948
0.994055864
0.992598245
0.991426359
0.990585446
0.990107967
0.990012356
0.990302302
0.990966612
0.991979644
0.993302288
0.994883488
0.996662203
0.998569769
1.000532546
1.002474765
1.00432145
1.006001312
1.007449502
1.008610116
1.009438349
1.009902229
1.009983848
1.009680056
1.00900258
1.007977574
1.006644605
1.005055131
1.003270512
1.001359639
0.99939628
0.997456227
0.995614371
0.993941817
0.992503129
0.991353847
0.990538336
0.990088079
0.990020456
0.990338078
0.991028684
0.992065614
0.993408839
0.995006506
0.996796939
0.998711021
1.000674863
1.002612652
1.004449584
1.006114746
1.007543858
1.008681751
1.009484498
1.00992111
1.009974733
1.009643297
1.008939595
1.007890794
1.006537381
1.004931603
1.003135447
1.001218252
0.999254028
0.997318602
0.995486687
0.993829001
0.992409537
0.991283092
0.99049315
0.990070205
0.990030585
0.990375819
0.99109258
0.992153198
0.99351673
0.995130539
0.996932326
0.998852536
1.000817042
1.002750008
1.004576813
1.006226938
1.007636681
1.008751622
1.009528719
1.009937975
1.009963591
1.009604577
1.008874793
1.007802411
1.006428829
1.004807071
1.002999744
1.001076617
0.999111928
0.997181522
0.995359919
0.993717439
0.992317488
0.991214109
0.990449896
0.99005435
0.99004274
0.990415516
0.991158286
0.992242377
0.993625939
0.995255562
0.997068337
0.998994284
1.000959056
1.002886805
1.004703112
1.006337864
1.007727951
1.008819713
1.009571004
1.00995282
1.009950423
1.009563904
1.008808186
1.007712441
1.006318969
1.004681563
1.002863432
1.000934763
0.998970009
0.997045015
0.995234095
0.993607155
0.992227001
0.991146912
0.990408583
0.990040516
0.99005692
0.990457161
0.991225789
0.992333133
0.993736444
0.99538155
0.997204944
0.999136237
1.001100874
1.003023014
1.004828455
1.006447501
1.007817651
1.008886012
1.009611342
1.009965641
1.009935232
1.009521288
1.008739789
1.007620904
1.006207825
1.004555103
1.002726538
1.000792719
0.998828298
0.996909109
0.99510924
0.99349817
0.992138094
0.991081515
0.99036922
0.990028707
0.990073121
0.990500747
0.991295077
0.992425447
0.993848221
0.995508476
0.997342119
0.999278365
1.001242469
1.00315861
1.004952817
1.006555828
1.007905761
1.008950505
1.009649727
1.009976437
1.009918022
1.009476736
1.008669615
1.007527817
1.006095419
1.004427717
1.002589089
1.000650514
0.998686826
0.996773832
0.994985379
0.993390507
0.992050785
0.991017931
0.990331815
0.990018926
0.99009134
0.990546263
0.991366133
0.992519301
0.99396125
0.995636315
0.997479834
0.99942064
1.001383811
1.003293563
1.005076171
1.006662822
1.007992264
1.009013177
1.009686151
1.009985205
1.009898795
1.009430257
1.008597679
1.0074332
1.005981774
1.004299431
1.002451115
1.000508177
0.998545621
0.99663921
0.994862537
0.993284188
0.991965092
0.990956172
0.990296376
0.990011173
0.990111573
0.990593701
0.991438945
0.992614676
0.994075506
0.995765041
0.997618062
0.999563033
1.001524872
1.003427847
1.005198494
1.006768461
1.008077143
1.009074018
1.009720605
1.009991942
1.009877556
1.009381862
1.008523995
1.007337073
1.005866913
1.004170271
1.002312641
1.000365736
0.998404712
0.996505271
0.994740739
0.993179233
0.991881033
0.990896252
0.990262909
0.99000545
0.990133816
0.990643051
0.991513497
0.992711552
0.994190966
0.995894629
0.997756773
0.999705514
1.001665623
1.003561433
1.00531976
1.006872725
1.008160379
1.009133014
1.009753083
1.009996649
1.00985431
1.009331559
1.008448579
1.007239453
1.00575086
1.004040263
1.002173698
1.000223221
0.998264127
0.996372043
0.994620011
0.993075666
0.991798624
0.990838183
0.990231421
0.99000176
0.990158065
0.990694304
0.991589775
0.99280991
0.994307607
0.996025051
0.997895941
0.999848055
1.001806035
1.003694296
1.005439944
1.006975592
1.008241957
1.009190154
1.009783579
1.009999324
1.00982906
1.00927936
1.008371445
1.007140362
1.005633637
1.003909434
1.002034313
1.000080661
0.998123894
0.996239552
0.994500377
0.992973505
0.991717882
0.990781976
0.990201919
0.990000101
0.990184315
0.990747448
0.991667762
0.992909729
0.994425405
0.99615628
0.998035536
0.999990628
1.001946081
1.003826408
1.005559023
1.00707704
1.008321859
1.009245425
1.009812086
1.009999965
1.009801812
1.009225274
1.008292609
1.00703982
1.005515269
1.00377781
1.001894514
0.999938084
0.997984043
0.996107826
0.99438186
0.992872774
0.991638823
0.990727643
0.990174409
0.990000476
0.99021256
0.990802473
0.991747442
0.993010989
0.994544337
0.996288292
0.998175531
1.000133202
1.00208573
1.003957742
1.005676972
1.00717705
1.00840007
1.009298817
1.009838598
1.009998575
1.009772571
1.009169313
1.008212087
1.006937846
1.00539578
1.003645418
1.001754331
0.99979552
0.997844602
0.995976891
0.994264485
0.992773491
0.991561464
0.990675195
0.990148896
0.990002883
0.990242794
0.990859367
0.991828801
0.993113671
0.994664377
0.996421057
0.998315897
1.000275749
1.002224956
1.004088272
1.005793766
1.007275601
1.008476573
1.009350319
1.00986311
1.009995151
1.009741344
1.009111488
1.008129896
1.006834462
1.005275194
1.003512285
1.00161379
0.999652997
0.997705599
0.995846773
0.994148277
0.992675677
0.991485821
0.990624643
0.990125385
0.990007323
0.990275012
0.99091812
0.99191182
0.993217752
0.994785502
0.99655455
0.998456605
1.00041824
1.002363729
1.00421797
1.005909383
1.007372673
1.008551352
1.00939992
1.009885617
1.009989696
1.009708137
1.009051811
1.008046053
1.006729689
1.005153536
1.003378439
1.001472922
0.999510545
0.997567063
0.9957175
0.994033257
0.992579352
0.991411909
0.990575996
0.990103882
0.990013794
0.990309207
0.990978719
0.991996484
0.993323212
0.994907688
0.996688744
0.998597627
1.000560646
1.002502022
1.004346811
1.006023799
1.007468246
1.008624394
1.00944761
1.009906115
1.00998221
1.009672956
1.008990293
1.007960573
1.006623548
1.00503083
1.003243905
1.001331754
0.999368192
0.997429021
0.995589098
0.993919451
0.992484535
0.991339742
0.990529265
0.990084391
0.990022294
0.990345372
0.991041152
0.992082774
0.993430029
0.995030908
0.996823611
0.998738933
1.000702938
1.002639806
1.004474769
1.00613699
1.007562302
1.008695682
1.009493379
1.009924599
1.009972694
1.009635809
1.008926948
1.007873476
1.00651606
1.004907102
1.003108712
1.001190315
0.999225968
0.997291501
0.995461592
0.993806881
0.992391246
0.991269336
0.990484459
0.990066916
0.990032824
0.990383499
0.991105406
0.992170674
0.993538182
0.995155138
0.996959123
0.998880497
1.000845087
1.002777054
1.004601816
1.006248933
1.007654819
1.008765203
1.009537219
1.009941065
1.009961152
1.009596703
1.008861789
1.007784778
1.006407248
1.004782376
1.002972887
1.001048635
0.999083901
0.997154533
0.995335009
0.99369557
0.992299504
0.991200704
0.990441588
0.990051459
0.990045379
0.990423582
0.991171468
0.992260166
0.993647648
0.995280354
0.997095254
0.999022287
1.000987064
1.002913737
1.004727929
1.006359606
1.007745781
1.008832942
1.00957912
1.009955511
1.009947584
1.009555647
1.008794827
1.007694497
1.006297133
1.004656677
1.002836458
1.000906741
0.998942021
0.997018142
0.995209374
0.99358554
0.992209327
0.991133861
0.990400659
0.990038025
0.990059958
0.990465611
0.991239324
0.992351231
0.993758406
0.995406528
0.997231975
0.999164277
1.001128841
1.003049827
1.00485308
1.006468987
1.007835168
1.008898885
1.009619074
1.009967933
1.009931995
1.009512647
1.008726079
1.007602653
1.006185738
1.004530032
1.002699452
1.000764663
0.998800355
0.996882358
0.995084713
0.993476815
0.992120734
0.991068821
0.990361682
0.990026616
0.990076557
0.990509578
0.991308962
0.99244385
0.993870432
0.995533637
0.997369259
0.999306436
1.001270388
1.003185298
1.004977245
1.006577052
1.007922963
1.008963019
1.009657072
1.009978328
1.009914386
1.009467714
1.008655556
1.007509263
1.006073086
1.004402467
1.002561897
1.000622429
0.998658934
0.996747208
0.994961051
0.993369415
0.992033743
0.991005596
0.990324664
0.990017234
0.990095174
0.990555474
0.991380366
0.992538006
0.993983705
0.995661653
0.997507077
0.999448737
1.001411677
1.003320121
1.005100398
1.006683781
1.008009147
1.009025332
1.009693107
1.009986695
1.009894762
1.009420857
1.008583274
1.007414346
1.005959199
1.004274006
1.002423822
1.000480069
0.998517785
0.996612718
0.994838413
0.993263363
0.991948371
0.9909442
0.990289614
0.990009882
0.990115804
0.990603291
0.991453523
0.992633679
0.9940982
0.995790552
0.997645403
0.999591149
1.001552679
1.00345427
1.005222514
1.00678915
1.008093702
1.009085809
1.009727172
1.009993032
1.009873127
1.009372084
1.008509246
1.007317922
1.005844101
1.004144677
1.002285253
1.000337612
0.998376937
0.996478918
0.994716825
0.993158681
0.991864636
0.990884644
0.990256537
0.990004561
0.990138444
0.990653017
0.991528417
0.992730849
0.994213895
0.995920306
0.997784207
0.999733645
1.001693365
1.003587716
1.005343568
1.00689314
1.008176613
1.00914444
1.00975926
1.009997338
1.009849484
1.009321406
1.00843349
1.007220011
1.005727814
1.004014505
1.002146221
1.000195085
0.998236419
0.996345833
0.994596311
0.993055389
0.991782554
0.990826941
0.99022544
0.990001271
0.990163088
0.990704644
0.991605033
0.992829497
0.994330767
0.996050889
0.997923461
0.999876194
1.001833707
1.003720433
1.005463536
1.006995728
1.008257861
1.009201211
1.009789363
1.009999611
1.00982384
1.009268834
1.008356018
1.007120632
1.005610364
1.003883516
1.002006752
1.000052519
0.99809626
0.996213491
0.994476895
0.992953509
0.991702143
0.990771103
0.990196331
0.990000014
0.990189732
0.99075816
0.991683355
0.992929602
0.994448791
0.996182275
0.998063138
1.000018769
1.001973677
1.003852393
1.005582394
1.007096895
1.008337431
1.009256113
1.009817477
1.009999852
1.009796198
1.009214377
1.008276849
1.007019805
1.005491773
1.003751739
1.001866875
0.999909943
0.997956487
0.996081919
0.994358602
0.992853062
0.991623419
0.990717142
0.990169215
0.99000079
0.99021837
0.990813555
0.991763368
0.993031145
0.994567943
0.996314438
0.998203208
1.00016134
1.002113245
1.00398357
1.005700116
1.007196618
1.008415305
1.009309132
1.009843595
1.00999806
1.009766565
1.009158047
1.008195996
1.006917552
1.005372065
1.003619199
1.001726618
0.999767385
0.997817131
0.995951143
0.994241455
0.992754067
0.991546398
0.990665067
0.990144097
0.990003599
0.990248996
0.990870817
0.991845056
0.993134104
0.994688199
0.996447349
0.998343643
1.000303879
1.002252383
1.004113938
1.00581668
1.007294879
1.008491469
1.00936026
1.009867711
1.009994235
1.009734947
1.009099855
1.008113478
1.006813892
1.005251266
1.003485923
1.001586011
0.999624874
0.997678217
0.99582119
0.994125479
0.992656546
0.991471095
0.99061489
0.990120982
0.990008439
0.990281605
0.990929935
0.991928401
0.993238459
0.994809536
0.996580983
0.998484415
1.000446355
1.002391064
1.004243469
1.005932062
1.007391657
1.008565907
1.009409484
1.009889822
1.009988379
1.009701349
1.009039814
1.00802931
1.006708847
1.005129399
1.003351938
1.001445081
0.999482439
0.997539776
0.995692087
0.994010698
0.992560517
0.991397526
0.99056662
0.990099876
0.990015311
0.990316189
0.990990897
0.992013387
0.993344188
0.994931927
0.996715311
0.998625496
1.000588741
1.002529259
1.004372138
1.006046238
1.007486932
1.008638604
1.009456796
1.009909923
1.009980492
1.00966578
1.008977935
1.00794351
1.006602438
1.005006489
1.003217272
1.001303858
0.999340109
0.997401835
0.995563859
0.993897134
0.992466
0.991325705
0.990520268
0.990080782
0.990024212
0.990352742
0.99105369
0.992099997
0.993451271
0.995055349
0.996850308
0.998766855
1.000731007
1.002666939
1.004499918
1.006159184
1.007580685
1.008709545
1.009502185
1.009928009
1.009970577
1.009628245
1.00891423
1.007856095
1.006494687
1.004882562
1.003081952
1.001162369
0.999197914
0.997264422
0.995436534
0.99378481
0.992373015
0.991255648
0.990475844
0.990063705
0.990035141
0.990391256
0.991118302
0.992188212
0.993559685
0.995179776
0.996985944
0.998908466
1.000873124
1.002804077
1.004626783
1.006270879
1.007672897
1.008778715
1.009545643
1.009944077
1.009958634
1.009588754
1.008848714
1.007767083
1.006385616
1.004757642
1.002946006
1.001020644
0.999055882
0.997127566
0.995310135
0.99367375
0.992281581
0.991187369
0.990433355
0.990048647
0.990048096
0.990431723
0.991184719
0.992278016
0.993669408
0.995305183
0.997122194
0.999050298
1.001015064
1.002940646
1.004752708
1.006381299
1.007763549
1.0088461
1.00958716
1.009958123
1.009944667
1.009547313
1.008781399
1.007676493
1.006275247
1.004631755
1.002809461
1.000878712
0.998914041
0.996991293
0.995184691
0.993563976
0.992191715
0.991120881
0.990392811
0.990035613
0.990063074
0.990474136
0.991252929
0.992369389
0.993780418
0.995431544
0.997259028
0.999192323
1.001156798
1.003076616
1.004877666
1.006490421
1.007852624
1.008911687
1.009626729
1.009970145
1.009928679
1.009503932
1.008712299
1.007584342
1.006163602
1.004504926
1.002672344
1.0007366
0.998772422
0.996855631
0.995060225
0.993455511
0.992103437
0.991056198
0.99035422
0.990024604
0.990080072
0.990518484
0.991322916
0.992462313
0.993892692
0.995558833
0.99739642
0.999334513
1.001298297
1.003211961
1.005001633
1.006598225
1.007940102
1.008975463
1.00966434
1.00998014
1.009910672
1.009458618
1.008641428
1.007490649
1.006050704
1.004377182
1.002534684
1.00059434
0.998631051
0.996720609
0.994936763
0.993348375
0.992016764
0.990993333
0.99031759
0.990015623
0.990099087
0.99056476
0.991394667
0.99255677
0.994006207
0.995687026
0.99753434
0.999476838
1.001439531
1.003346653
1.005124583
1.006704687
1.008025965
1.009037414
1.009699987
1.009988107
1.009890651
1.009411382
1.0085688
1.007395433
1.005936576
1.004248547
1.00239651
1.000451958
0.99848996
0.996586254
0.994814331
0.993242592
0.991931713
0.990932298
0.990282928
0.990008671
0.990120114
0.990612955
0.991468168
0.99265274
0.994120942
0.995816095
0.997672762
0.999619269
1.001580473
1.003480665
1.005246492
1.006809786
1.008110198
1.009097528
1.009733662
1.009994043
1.009868619
1.009362232
1.00849443
1.007298714
1.005821242
1.004119049
1.002257847
1.000309485
0.998349175
0.996452592
0.994692952
0.993138183
0.991848303
0.990873108
0.990250242
0.990003751
0.990143149
0.990663057
0.991543403
0.992750203
0.994236871
0.995946015
0.997811657
0.999761777
1.001721094
1.00361397
1.005367334
1.0069135
1.008192781
1.009155793
1.009765359
1.009997948
1.009844581
1.009311179
1.008418334
1.007200511
1.005704724
1.003988714
1.002118726
1.000166948
0.998208725
0.996319652
0.994572653
0.993035168
0.99176655
0.990815772
0.990219537
0.990000862
0.990168189
0.990715057
0.991620357
0.99284914
0.994353971
0.996076759
0.997950997
0.999904334
1.001861364
1.003746539
1.005487085
1.00701581
1.0082737
1.009212196
1.00979507
1.00999982
1.009818542
1.009258234
1.008340526
1.007100845
1.005587046
1.003857568
1.001979175
1.000024378
0.99806864
0.99618746
0.994453457
0.992933569
0.991686471
0.990760304
0.990190821
0.990000006
0.990195227
0.990768945
0.991699015
0.992949531
0.99447222
0.996208301
0.998090754
1.000046911
1.002001257
1.003878347
1.00560572
1.007116693
1.008352936
1.009266727
1.00982279
1.009999659
1.009790507
1.009203407
1.008261023
1.006999735
1.005468233
1.003725638
1.001839221
0.999881803
0.997928948
0.996056043
0.994335388
0.992833407
0.991608082
0.990706713
0.990164098
0.990001183
0.990224258
0.990824709
0.991779359
0.993051355
0.994591592
0.996340613
0.998230899
1.000189478
1.002140742
1.004009367
1.005723216
1.007216129
1.008430474
1.009319374
1.009848513
1.009997466
1.009760481
1.009146708
1.00817984
1.006897202
1.005348308
1.00359295
1.001698893
0.999739251
0.997789676
0.995925427
0.994218471
0.992734702
0.991531398
0.990655012
0.990139375
0.990004393
0.990255276
0.990882339
0.991861376
0.993154591
0.994712064
0.996473669
0.998371403
1.000332006
