0.0093
0.0094
0.0095
0.0096
0.0097
0.0098
0.0099
0.01
0.0101
0.0102
0.0102
0.0103
0.0104
0.0105
0.0106
0.0107
0.0108
0.0109
0.011
0.0111
0.0112
0.0113
0.0114
0.0115
0.0116
0.0117
0.0119
0.0121
0.0123
0.0125
0.0127
0.0129
0.0131
0.0133
0.0135
0.0137
0.0139
0.0141
0.0143
0.0145
0.0147
0.0149
0.0151
0.0153
0.0155
0.0157
0.0159
0.0161
0.0163
0.0164
0.0164
0.0164
0.0164
0.0165
0.0165
0.0165
0.0165
0.0165
0.0165
0.0165
0.0165
0.0166
0.0166
0.0166
0.0166
0.0166
0.0166
0.0166
0.0166
0.0167
0.0167
0.0167
0.0167
0.0167
0.0167
0.0168
0.0168
0.0169
0.0169
0.0169
0.017
0.017
0.017
0.0171
0.0171
0.0172
0.0172
0.0172
0.0173
0.0173
0.0173
0.0174
0.0174
0.0174
0.0175
0.0175
0.0176
0.0176
0.0176
0.0177
0.0177
0.0178
0.0178
0.0178
0.0179
0.0179
0.018
0.018
0.0181
0.0181
0.0181
0.0182
0.0182
0.0183
0.0183
0.0183
0.0184
0.0184
0.0185
0.0185
0.0185
0.0186
0.0186
0.0187
0.0187
0.0187
0.0188
0.0188
0.0188
0.0189
0.0189
0.019
0.019
0.019
0.0191
0.0191
0.0191
0.0192
0.0192
0.0193
0.0193
0.0193
0.0194
0.0194
0.0194
0.0195
0.0195
0.0196
0.0196
0.0196
0.0197
0.0197
0.0198
0.0198
0.0198
0.0199
0.0199
0.02
0.02
0.0201
0.0201
0.0201
0.0202
0.0202
0.0203
0.0203
0.0203
0.0204
0.0204
0.0205
0.0205
0.0205
0.0206
0.0206
0.0206
0.0207
0.0207
0.0207
0.0208
0.0208
0.0208
0.0209
0.0209
0.0209
0.021
0.021
0.021
0.0211
0.0211
0.0211
0.0212
0.0212
0.0212
0.0213
0.0213
0.0214
0.0214
0.0215
0.0216
0.0216
0.0217
0.0218
0.0218
0.0219
0.022
0.022
0.0221
0.0222
0.0222
0.0223
0.0223
0.0224
0.0225
0.0225
0.0226
0.0227
0.0227
0.0228
0.0229
0.0228
0.0225
0.0223
0.0221
0.0218
0.0216
0.0214
0.0212
0.0209
0.0207
0.0205
0.0203
0.02
0.0198
0.0196
0.0194
0.0191
0.0189
0.0187
0.0184
0.0182
0.018
0.0178
0.0175
0.0175
0.0177
0.0179
0.0181
0.0182
0.0184
0.0186
0.0188
0.019
0.0192
0.0194
0.0196
0.0198
0.02
0.0202
0.0204
0.0206
0.0208
0.021
0.0212
0.0213
0.0215
0.0217
0.0219
0.0221
0.0219
0.0218
0.0217
0.0215
0.0214
0.0212
0.0211
0.021
0.0208
0.0207
0.0205
0.0204
0.0203
0.0201
0.02
0.0198
0.0197
0.0196
0.0194
0.0193
0.0191
0.019
0.0189
0.0187
0.0186
0.0184
0.0183
0.0181
0.018
0.0178
0.0177
0.0175
0.0174
0.0172
0.0171
0.0169
0.0168
0.0166
0.0165
0.0163
0.0162
0.016
0.0159
0.0158
0.0156
0.0155
0.0153
0.0152
0.0153
0.0156
0.0158
0.0161
0.0164
0.0167
0.017
0.0173
0.0175
0.0178
0.0181
0.0184
0.0187
0.019
0.0193
0.0195
0.0198
0.0201
0.0204
0.0207
0.021
0.0212
0.0215
0.0218
0.022
0.0221
0.0222
0.0223
0.0224
0.0224
0.0225
0.0226
0.0227
0.0228
0.0229
0.0229
0.023
0.0231
0.0232
0.0233
0.0233
0.0234
0.0235
0.0236
0.0237
0.0238
0.0238
0.0239
0.024
0.0239
0.0238
0.0237
0.0237
0.0236
0.0235
0.0234
0.0233
0.0233
0.0232
0.0231
0.023
0.0229
0.0228
0.0228
0.0227
0.0226
0.0225
0.0224
0.0223
0.0223
0.0222
0.0221
0.022
0.0218
0.0216
0.0213
0.0211
0.0208
0.0206
0.0203
0.0201
0.0198
0.0196
0.0193
0.0191
0.0188
0.0186
0.0183
0.0181
0.0178
0.0176
0.0173
0.0171
0.0169
0.0166
0.0164
0.0161
0.0162
0.0164
0.0167
0.017
0.0172
0.0175
0.0178
0.0181
0.0183
0.0186
0.0189
0.0191
0.0194
0.0197
0.02
0.0202
0.0205
0.0208
0.021
0.0213
0.0216
0.0219
0.0221
0.0224
0.0226
0.0226
0.0225
0.0225
0.0225
0.0224
0.0224
0.0224
0.0224
0.0223
0.0223
0.0223
0.0222
0.0222
0.0222
0.0222
0.0221
0.0221
0.0221
0.022
0.022
0.022
0.022
0.0219
0.0219
0.0214
0.021
0.0206
0.0201
0.0197
0.0193
0.0188
0.0184
0.018
0.0175
0.0171
0.0166
0.0162
0.0158
0.0153
0.0149
0.0145
0.014
0.0136
0.0131
0.0127
0.0123
0.0118
0.0114
0.0113
0.0113
0.0113
0.0113
0.0113
0.0113
0.0114
0.0114
0.0114
0.0114
0.0114
0.0114
0.0114
0.0114
0.0114
0.0114
0.0114
0.0114
0.0115
0.0115
0.0115
0.0115
0.0115
0.0115
0.0115
0.0116
0.0117
0.0118
0.0119
0.012
0.0121
0.0122
0.0123
0.0124
0.0125
0.0125
0.0126
0.0127
0.0128
0.0129
0.013
0.0131
0.0132
0.0133
0.0134
0.0135
0.0135
0.0136
0.0137
0.0136
0.0135
0.0134
0.0133
0.0133
0.0132
0.0131
0.013
0.0129
0.0129
0.0128
0.0127
0.0126
0.0125
0.0124
0.0124
0.0123
0.0122
0.0121
0.012
0.0119
0.0119
0.0118
0.0117
0.0117
0.0118
0.0118
0.0119
0.0119
0.0119
0.012
0.012
0.0121
0.0121
0.0122
0.0122
0.0122
0.0123
0.0123
0.0124
0.0124
0.0124
0.0125
0.0125
0.0126
0.0126
0.0126
0.0127
0.0127
0.0126
0.0125
0.0125
0.0124
0.0124
0.0123
0.0123
0.0122
0.0121
0.0121
0.012
0.012
0.0119
0.0119
0.0118
0.0117
0.0117
0.0116
0.0116
0.0115
0.0114
0.0114
0.0113
0.0131
0.0168
0.0206
0.0244
0.0282
0.032
0.0357
0.0395
0.0433
0.0471
0.0509
0.0546
0.0584
0.0622
0.066
0.0698
0.0735
0.0773
0.0811
0.0849
0.0887
0.0924
0.0962
0.1
0.1029
0.1026
0.1022
0.1019
0.1015
0.1012
0.1008
0.1005
0.1001
0.0998
0.0994
0.0991
0.0987
0.0984
0.098
0.0977
0.0973
0.097
0.0966
0.0963
0.0959
0.0956
0.0952
0.0949
0.0945
0.0944
0.0942
0.0941
0.0939
0.0938
0.0936
0.0935
0.0934
0.0932
0.0931
0.0929
0.0928
0.0926
0.0925
0.0923
0.0922
0.0921
0.0919
0.0918
0.0916
0.0915
0.0913
0.0912
0.091
0.0916
0.0925
0.0933
0.0942
0.0951
0.0959
0.0968
0.0977
0.0985
0.0994
0.1002
0.1011
0.102
0.1028
0.1037
0.1046
0.1054
0.1063
0.1072
0.108
0.1089
0.1098
0.1106
0.1115
0.1116
0.1108
0.1099
0.1091
0.1082
0.1074
0.1065
0.1057
0.1048
0.104
0.1032
0.1023
0.1015
0.1006
0.0998
0.0989
0.0981
0.0972
0.0964
0.0955
0.0947
0.0938
0.093
0.0921
0.0915
0.0925
0.0934
0.0943
0.0953
0.0962
0.0971
0.0981
0.099
0.0999
0.1009
0.1018
0.1027
0.1037
0.1046
0.1055
0.1065
0.1074
0.1083
0.1092
0.1102
0.1111
0.112
0.113
0.1139
0.1144
0.1148
0.1152
0.1156
0.116
0.1164
0.1168
0.1173
0.1177
0.1181
0.1185
0.1189
0.1193
0.1197
0.1201
0.1206
0.121
0.1214
0.1218
0.1222
0.1226
0.123
0.1234
0.1239
0.1231
0.1217
0.1202
0.1188
0.1174
0.116
0.1145
0.1131
0.1117
0.1103
0.1088
0.1074
0.106
0.1045
0.1031
0.1017
0.1003
0.0988
0.0974
0.096
0.0946
0.0931
0.0917
0.0903
0.0893
0.0891
0.0889
0.0887
0.0885
0.0883
0.0881
0.0879
0.0877
0.0875
0.0873
0.0871
0.087
0.0868
0.0866
0.0864
0.0862
0.086
0.0858
0.0856
0.0854
0.0852
0.085
0.0848
0.085
0.0883
0.0915
0.0948
0.0981
0.1013
0.1046
0.1079
0.1112
0.1144
0.1177
0.121
0.1243
0.1275
0.1308
0.1341
0.1373
0.1406
0.1439
0.1472
0.1504
0.1537
0.157
0.1603
0.1635
0.1638
0.1635
0.1633
0.163
0.1628
0.1626
0.1623
0.1621
0.1618
0.1616
0.1613
0.1611
0.1608
0.1606
0.1603
0.1601
0.1598
0.1596
0.1593
0.1591
0.1588
0.1586
0.1583
0.1581
0.1573
0.1561
0.1549
0.1537
0.1525
0.1513
0.1501
0.1489
0.1477
0.1465
0.1453
0.1441
0.1429
0.1418
0.1406
0.1394
0.1382
0.137
0.1358
0.1346
0.1334
0.1322
0.131
0.1298
0.1298
0.1322
0.1347
0.1371
0.1395
0.142
0.1444
0.1468
0.1493
0.1517
0.1541
0.1566
0.159
0.1614
0.1639
0.1663
0.1687
0.1711
0.1736
0.176
0.1784
0.1809
0.1833
0.1857
0.188
0.1875
0.1871
0.1866
0.1862
0.1857
0.1852
0.1848
0.1843
0.1839
0.1834
0.183
0.1825
0.1821
0.1816
0.1812
0.1807
0.1803
0.1798
0.1794
0.1789
0.1784
0.178
0.1775
0.1771
0.1782
0.1796
0.1811
0.1825
0.1839
0.1854
0.1868
0.1883
0.1897
0.1912
0.1926
0.194
0.1955
0.1969
0.1984
0.1998
0.2012
0.2027
0.2041
0.2056
0.207
0.2085
0.2099
0.2113
0.2119
0.2118
0.2117
0.2116
0.2114
0.2113
0.2112
0.2111
0.2109
0.2108
0.2107
0.2106
0.2104
0.2103
0.2102
0.2101
0.21
0.2098
0.2097
0.2096
0.2095
0.2093
0.2092
0.2091
0.2087
0.2077
0.2067
0.2057
0.2048
0.2038
0.2028
0.2018
0.2008
0.1998
0.1988
0.1978
0.1968
0.1959
0.1949
0.1939
0.1929
0.1919
0.1909
0.1899
0.1889
0.1879
0.187
0.186
0.185
0.1853
0.1855
0.1857
0.186
0.1862
0.1865
0.1867
0.187
0.1872
0.1875
0.1877
0.188
0.1882
0.1885
0.1887
0.189
0.1892
0.1895
0.1897
0.19
0.1902
0.1904
0.1907
0.1909
0.1916
0.1924
0.1932
0.1939
0.1947
0.1955
0.1963
0.1971
0.1979
0.1986
0.1994
0.2002
0.201
0.2018
0.2026
0.2033
0.2041
0.2049
0.2057
0.2065
0.2073
0.208
0.2088
0.2096
0.2102
0.2106
0.2109
0.2113
0.2117
0.212
0.2124
0.2128
0.2132
0.2135
0.2139
0.2143
0.2146
0.215
0.2154
0.2158
0.2161
0.2165
0.2169
0.2172
0.2176
0.218
0.2183
0.2187
0.2187
0.2174
0.2161
0.2149
0.2136
0.2123
0.211
0.2097
0.2085
0.2072
0.2059
0.2046
0.2034
0.2021
0.2008
0.1995
0.1982
0.197
0.1957
0.1944
0.1931
0.1919
0.1906
0.1893
0.188
0.1872
0.1863
0.1854
0.1846
0.1837
0.1828
0.182
0.1811
0.1802
0.1794
0.1785
0.1776
0.1768
0.1759
0.175
0.1742
0.1733
0.1724
0.1716
0.1707
0.1698
0.169
0.1681
0.1672
0.1677
0.1686
0.1695
0.1704
0.1713
0.1722
0.1731
0.174
0.1749
0.1758
0.1767
0.1776
0.1785
0.1794
0.1803
0.1813
0.1822
0.1831
0.184
0.1849
0.1858
0.1867
0.1876
0.1885
0.1891
0.1894
0.1896
0.1899
0.1901
0.1903
0.1906
0.1908
0.1911
0.1913
0.1916
0.1918
0.1921
0.1923
0.1926
0.1928
0.1931
0.1933
0.1936
0.1938
0.1941
0.1943
0.1946
0.1948
0.195
0.1953
0.1955
0.1958
0.196
0.1963
0.1965
0.1968
0.197
0.1973
0.1975
0.1978
0.198
0.1983
0.1985
0.1988
0.199
0.1993
0.1995
0.1997
0.2
0.2002
0.2005
0.2007
0.201
0.2021
0.2033
0.2045
0.2057
0.2069
0.2081
0.2093
0.2105
0.2117
0.2129
0.2141
0.2153
0.2165
0.2177
0.2189
0.22
0.2212
0.2224
0.2236
0.2248
0.226
0.2272
0.2284
0.2296
0.2289
0.2274
0.2258
0.2242
0.2227
0.2211
0.2195
0.218
0.2164
0.2148
0.2133
0.2117
0.2101
0.2086
0.207
0.2055
0.2039
0.2023
0.2008
0.1992
0.1976
0.1961
0.1945
0.1929
0.1921
0.1924
0.1927
0.193
0.1933
0.1936
0.1939
0.1941
0.1944
0.1947
0.195
0.1953
0.1956
0.1959
0.1962
0.1964
0.1967
0.197
0.1973
0.1976
0.1979
0.1982
0.1985
0.1988
0.1991
0.1995
0.2
0.2004
0.2009
0.2013
0.2018
0.2022
0.2027
0.2031
0.2036
0.2041
0.2045
0.205
0.2054
0.2059
0.2063
0.2068
0.2072
0.2077
0.2081
0.2086
0.209
0.2095
0.2099
0.2107
0.2115
0.2123
0.213
0.2138
0.2146
0.2154
0.2162
0.217
0.2177
0.2185
0.2193
0.2201
0.2209
0.2217
0.2224
0.2232
0.224
0.2248
0.2256
0.2264
0.2271
0.2279
0.2287
0.2292
0.2295
0.2299
0.2302
0.2305
0.2309
0.2312
0.2315
0.2318
0.2322
0.2325
0.2328
0.2332
0.2335
0.2338
0.2342
0.2345
0.2348
0.2351
0.2355
0.2358
0.2361
0.2365
0.2368
0.2373
0.2383
0.2392
0.2402
0.2411
0.2421
0.243
0.244
0.2449
0.2459
0.2468
0.2478
0.2487
0.2497
0.2506
0.2516
0.2525
0.2535
0.2544
0.2554
0.2563
0.2573
0.2582
0.2592
0.2602
0.2616
0.263
0.2645
0.2659
0.2674
0.2688
0.2703
0.2717
0.2731
0.2746
0.276
0.2775
0.2789
0.2803
0.2818
0.2832
0.2847
0.2861
0.2876
0.289
0.2904
0.2919
0.2933
0.2948
0.2936
0.292
0.2904
0.2888
0.2872
0.2856
0.284
0.2824
0.2808
0.2792
0.2776
0.276
0.2744
0.2727
0.2711
0.2695
0.2679
0.2663
0.2647
0.2631
0.2615
0.2599
0.2583
0.2567
0.2555
0.2548
0.254
0.2532
0.2524
0.2516
0.2508
0.2501
0.2493
0.2485
0.2477
0.2469
0.2461
0.2454
0.2446
0.2438
0.243
0.2422
0.2414
0.2407
0.2399
0.2391
0.2383
0.2375
0.2368
0.236
0.2353
0.2345
0.2338
0.2331
0.2323
0.2316
0.2308
0.2301
0.2293
0.2286
0.2279
0.2271
0.2264
0.2256
0.2249
0.2241
0.2234
0.2227
0.2219
0.2212
0.2204
0.2197
0.219
0.2196
0.2202
0.2208
0.2213
0.2219
0.2225
0.2231
0.2237
0.2242
0.2248
0.2254
0.226
0.2265
0.2271
0.2277
0.2283
0.2288
0.2294
0.23
0.2306
0.2312
0.2317
0.2323
0.2329
0.2319
0.2305
0.2291
0.2277
0.2263
0.2249
0.2235
0.2221
0.2207
0.2193
0.2179
0.2165
0.2151
0.2137
0.2123
0.2109
0.2095
0.2081
0.2067
0.2053
0.2039
0.2025
0.201
0.1996
0.1985
0.1975
0.1966
0.1956
0.1947
0.1937
0.1928
0.1919
0.1909
0.19
0.189
0.1881
0.1871
0.1862
0.1852
0.1843
0.1833
0.1824
0.1814
0.1805
0.1795
0.1786
0.1776
0.1767
0.1754
0.1731
0.1707
0.1684
0.1661
0.1638
0.1615
0.1592
0.1569
0.1546
0.1523
0.15
0.1477
0.1454
0.143
0.1407
0.1384
0.1361
0.1338
0.1315
0.1292
0.1269
0.1246
0.1223
0.1201
0.1245
0.1289
0.1333
0.1377
0.1421
0.1465
0.1509
0.1554
0.1598
0.1642
0.1686
0.173
0.1774
0.1818
0.1862
0.1906
0.195
0.1995
0.2039
0.2083
0.2127
0.2171
0.2215
0.2259
0.2266
0.226
0.2254
0.2248
0.2243
0.2237
0.2231
0.2225
0.2219
0.2214
0.2208
0.2202
0.2196
0.2191
0.2185
0.2179
0.2173
0.2168
0.2162
0.2156
0.215
0.2144
0.2139
0.2133
0.2125
0.2116
0.2106
0.2097
0.2087
0.2078
0.2068
0.2059
0.2049
0.204
0.2031
0.2021
0.2012
0.2002
0.1993
0.1983
0.1974
0.1964
0.1955
0.1945
0.1936
0.1926
0.1917
0.1907
0.1899
0.1893
0.1887
0.1881
0.1876
0.187
0.1864
0.1858
0.1853
0.1847
0.1841
0.1835
0.1829
0.1824
0.1818
0.1812
0.1806
0.1801
0.1795
0.1789
0.1783
0.1777
0.1772
0.1766
0.176
0.1792
0.1825
0.1858
0.1891
0.1924
0.1957
0.199
0.2023
0.2056
0.2089
0.2122
0.2155
0.2188
0.2221
0.2254
0.2287
0.232
0.2353
0.2386
0.2419
0.2451
0.2484
0.2517
0.255
0.2552
0.2542
0.2531
0.252
0.251
0.2499
0.2488
0.2477
0.2467
0.2456
0.2445
0.2435
0.2424
0.2413
0.2402
0.2392
0.2381
0.237
0.236
0.2349
0.2338
0.2327
0.2317
0.2306
0.2288
0.2261
0.2234
0.2208
0.2181
0.2154
0.2127
0.21
0.2074
0.2047
0.202
0.1993
0.1967
0.194
0.1913
0.1886
0.1859
0.1833
0.1806
0.1779
0.1752
0.1725
0.1699
0.1672
0.1651
0.1659
0.1666
0.1674
0.1681
0.1688
0.1696
0.1703
0.1711
0.1718
0.1726
0.1733
0.174
0.1748
0.1755
0.1763
0.177
0.1778
0.1785
0.1792
0.18
0.1807
0.1815
0.1822
0.1829
0.1817
0.1803
0.1789
0.1775
0.1761
0.1747
0.1733
0.1719
0.1705
0.1691
0.1677
0.1663
0.1649
0.1635
0.1621
0.1607
0.1593
0.1579
0.1565
0.1551
0.1537
0.1523
0.1509
0.1495
0.1491
0.1491
0.1492
0.1493
0.1494
0.1495
0.1495
0.1496
0.1497
0.1498
0.1499
0.15
0.15
0.1501
0.1502
0.1503
0.1504
0.1505
0.1505
0.1506
0.1507
0.1508
0.1509
0.151
0.151
0.151
0.151
0.151
0.151
0.151
0.151
0.151
0.151
0.151
0.151
0.151
0.151
0.151
0.151
0.151
0.151
0.151
0.151
0.151
0.151
0.151
0.151
0.151
0.151
0.1514
0.1517
0.152
0.1524
0.1527
0.153
0.1534
0.1537
0.154
0.1543
0.1547
0.155
0.1553
0.1557
0.156
0.1563
0.1567
0.157
0.1573
0.1576
0.158
0.1583
0.1586
0.159
0.1587
0.1584
0.1581
0.1577
0.1574
0.1571
0.1567
0.1564
0.1561
0.1557
0.1554
0.1551
0.1548
0.1544
0.1541
0.1538
0.1534
0.1531
0.1528
0.1524
0.1521
0.1518
0.1515
0.1511
0.1512
0.1514
0.1516
0.1519
0.1521
0.1524
0.1526
0.1529
0.1531
0.1534
0.1536
0.1539
0.1541
0.1544
0.1546
0.1549
0.1551
0.1554
0.1556
0.1559
0.1561
0.1563
0.1566
0.1568
0.157
0.1569
0.1568
0.1567
0.1566
0.1566
0.1565
0.1564
0.1563
0.1562
0.1561
0.1561
0.156
0.1559
0.1558
0.1557
0.1557
0.1556
0.1555
0.1554
0.1553
0.1552
0.1552
0.1551
0.155
0.1555
0.156
0.1564
0.1569
0.1573
0.1578
0.1582
0.1587
0.1591
0.1596
0.16
0.1605
0.1609
0.1614
0.1618
0.1623
0.1628
0.1632
0.1637
0.1641
0.1646
0.165
0.1655
0.1659
0.166
0.1661
0.1661
0.1662
0.1662
0.1662
0.1663
0.1663
0.1664
0.1664
0.1664
0.1665
0.1665
0.1666
0.1666
0.1667
0.1667
0.1667
0.1668
0.1668
0.1669
0.1669
0.1669
0.167
0.1671
0.1674
0.1676
0.1679
0.1681
0.1684
0.1686
0.1689
0.1691
0.1694
0.1696
0.1699
0.1701
0.1704
0.1706
0.1709
0.1711
0.1713
0.1716
0.1718
0.1721
0.1723
0.1726
0.1728
0.1731
0.1735
0.1739
0.1742
0.1746
0.175
0.1753
0.1757
0.1761
0.1765
0.1768
0.1772
0.1776
0.1779
0.1783
0.1787
0.1791
0.1794
0.1798
0.1802
0.1805
0.1809
0.1813
0.1816
0.182
0.1817
0.1815
0.1812
0.181
0.1808
0.1805
0.1803
0.18
0.1798
0.1795
0.1793
0.179
0.1788
0.1785
0.1783
0.178
0.1778
0.1775
0.1773
0.177
0.1768
0.1765
0.1763
0.1761
0.1762
0.1765
0.1768
0.1771
0.1774
0.1777
0.178
0.1782
0.1785
0.1788
0.1791
0.1794
0.1797
0.18
0.1803
0.1806
0.1808
0.1811
0.1814
0.1817
0.182
0.1823
0.1826
0.1829
0.1829
0.1828
0.1827
0.1826
0.1824
0.1823
0.1822
0.1821
0.1819
0.1818
0.1817
0.1816
0.1815
0.1813
0.1812
0.1811
0.181
0.1808
0.1807
0.1806
0.1805
0.1803
0.1802
0.1801
0.18
0.18
0.18
0.18
0.18
0.18
0.18
0.18
0.18
0.18
0.18
0.18
0.18
0.18
0.18
0.18
0.18
0.18
0.18
0.18
0.18
0.18
0.18
0.18
0.18
0.1803
0.1806
0.1809
0.1812
0.1814
0.1817
0.182
0.1823
0.1826
0.1829
0.1832
0.1835
0.1838
0.184
0.1843
0.1846
0.1849
0.1852
0.1855
0.1858
0.1861
0.1863
0.1866
0.1869
0.1866
0.1861
0.1856
0.1851
0.1847
0.1842
0.1837
0.1832
0.1827
0.1822
0.1817
0.1812
0.1807
0.1802
0.1797
0.1792
0.1787
0.1782
0.1777
0.1772
0.1767
0.1762
0.1758
0.1753
0.1745
0.1735
0.1724
0.1714
0.1704
0.1694
0.1683
0.1673
0.1663
0.1652
0.1642
0.1632
0.1621
0.1611
0.1601
0.159
0.158
0.157
0.156
0.1549
0.1539
0.1529
0.1518
0.1508
0.1502
0.151
0.1518
0.1527
0.1535
0.1543
0.1551
0.156
0.1568
0.1576
0.1584
0.1593
0.1601
0.1609
0.1617
0.1625
0.1634
0.1642
0.165
0.1658
0.1667
0.1675
0.1683
0.1691
0.17
0.1696
0.1691
0.1687
0.1682
0.1678
0.1673
0.1668
0.1664
0.1659
0.1655
0.165
0.1646
0.1641
0.1637
0.1632
0.1628
0.1623
0.1619
0.1614
0.161
0.1605
0.16
0.1596
0.1591
0.1591
0.1592
0.1593
0.1595
0.1596
0.1597
0.1598
0.16
0.1601
0.1602
0.1603
0.1604
0.1606
0.1607
0.1608
0.1609
0.1611
0.1612
0.1613
0.1614
0.1616
0.1617
0.1618
0.1619
0.1618
0.1615
0.1611
0.1607
0.1604
0.16
0.1596
0.1592
0.1589
0.1585
0.1581
0.1578
0.1574
0.157
0.1566
0.1563
0.1559
0.1555
0.1552
0.1548
0.1544
0.154
0.1537
0.1533
0.153
0.153
0.1529
0.1529
0.1528
0.1528
0.1527
0.1527
0.1527
0.1526
0.1526
0.1525
0.1525
0.1525
0.1524
0.1524
0.1523
0.1523
0.1523
0.1522
0.1522
0.1521
0.1521
0.152
0.152
0.1538
0.1557
0.1576
0.1596
0.1615
0.1635
0.1654
0.1673
0.1693
0.1712
0.1731
0.1751
0.177
0.179
0.1809
0.1828
0.1848
0.1867
0.1886
0.1906
0.1925
0.1945
0.1964
0.1983
0.1999
0.2012
0.2025
0.2038
0.2051
0.2065
0.2078
0.2091
0.2104
0.2117
0.2131
0.2144
0.2157
0.217
0.2183
0.2196
0.221
0.2223
0.2236
0.2249
0.2262
0.2276
0.2289
0.2302
0.2313
0.232
0.2328
0.2335
0.2343
0.235
0.2357
0.2365
0.2372
0.238
0.2387
0.2395
0.2402
0.2409
0.2417
0.2424
0.2432
0.2439
0.2446
0.2454
0.2461
0.2469
0.2476
0.2484
0.2489
0.2483
0.2476
0.2469
0.2463
0.2456
0.245
0.2443
0.2436
0.243
0.2423
0.2417
0.241
0.2403
0.2397
0.239
0.2384
0.2377
0.237
0.2364
0.2357
0.2351
0.2344
0.2337
0.2331
0.232
0.2308
0.2296
0.2284
0.2272
0.226
0.2248
0.2236
0.2224
0.2212
0.22
0.2188
0.2176
0.2164
0.2152
0.214
0.2128
0.2116
0.2104
0.2092
0.2081
0.2069
0.2057
0.2045
0.204
0.2039
0.2039
0.2039
0.2038
0.2038
0.2037
0.2037
0.2036
0.2036
0.2036
0.2035
0.2035
0.2034
0.2034
0.2034
0.2033
0.2033
0.2032
0.2032
0.2032
0.2031
0.2031
0.203
0.2025
0.2009
0.1994
0.1979
0.1964
0.1948
0.1933
0.1918
0.1903
0.1887
0.1872
0.1857
0.1842
0.1826
0.1811
0.1796
0.1781
0.1765
0.175
0.1735
0.172
0.1704
0.1689
0.1674
0.166
0.166
0.166
0.166
0.166
0.166
0.166
0.166
0.166
0.166
0.166
0.166
0.166
0.166
0.166
0.166
0.166
0.166
0.166
0.166
0.166
0.166
0.166
0.166
0.166
0.1664
0.1669
0.1674
0.1679
0.1684
0.1689
0.1694
0.1699
0.1704
0.1709
0.1714
0.1718
0.1723
0.1728
0.1733
0.1738
0.1743
0.1748
0.1753
0.1758
0.1763
0.1768
0.1773
0.1778
0.1773
0.1761
0.1748
0.1736
0.1724
0.1711
0.1699
0.1686
0.1674
0.1662
0.1649
0.1637
0.1625
0.1612
0.16
0.1588
0.1575
0.1563
0.155
0.1538
0.1526
0.1513
0.1501
0.1489
0.1478
0.1473
0.1468
0.1462
0.1457
0.1452
0.1446
0.1441
0.1436
0.143
0.1425
0.1419
0.1414
0.1409
0.1403
0.1398
0.1393
0.1387
0.1382
0.1377
0.1371
0.1366
0.136
0.1355
0.135
0.1359
0.1369
0.1378
0.1387
0.1396
0.1405
0.1414
0.1423
0.1432
0.1441
0.145
0.1459
0.1468
0.1477
0.1486
0.1495
0.1505
0.1514
0.1523
0.1532
0.1541
0.155
0.1559
0.1568
0.1572
0.1574
0.1576
0.1578
0.158
0.1582
0.1584
0.1586
0.1588
0.159
0.1592
0.1594
0.1596
0.1598
0.16
0.1603
0.1605
0.1607
0.1609
0.1611
0.1613
0.1615
0.1617
0.1619
0.1621
0.1622
0.1623
0.1624
0.1626
0.1627
0.1628
0.1629
0.1631
0.1632
0.1633
0.1634
0.1635
0.1637
0.1638
0.1639
0.164
0.1642
0.1643
0.1644
0.1645
0.1647
0.1648
0.1649
0.1648
0.1642
0.1635
0.1629
0.1622
0.1615
0.1609
0.1602
0.1596
0.1589
0.1582
0.1576
0.1569
0.1563
0.1556
0.1549
0.1543
0.1536
0.153
0.1523
0.1516
0.151
0.1503
0.1497
0.149
0.1503
0.1516
0.153
0.1543
0.1556
0.1569
0.1582
0.1595
0.1609
0.1622
0.1635
0.1648
0.1661
0.1675
0.1688
0.1701
0.1714
0.1727
0.1741
0.1754
0.1767
0.178
0.1793
0.1806
0.1804
0.1795
0.1786
0.1778
0.1769
0.176
0.1752
0.1743
0.1734
0.1726
0.1717
0.1708
0.17
0.1691
0.1682
0.1674
0.1665
0.1656
0.1648
0.1639
0.1631
0.1622
0.1613
0.1605
0.1595
0.1585
0.1576
0.1566
0.1556
0.1546
0.1536
0.1526
0.1516
0.1506
0.1496
0.1487
0.1477
0.1467
0.1457
0.1447
0.1437
0.1427
0.1417
0.1407
0.1397
0.1388
0.1378
0.1368
0.136
0.1362
0.1365
0.1367
0.1369
0.1371
0.1373
0.1375
0.1377
0.1379
0.1381
0.1383
0.1385
0.1387
0.1389
0.1391
0.1393
0.1395
0.1398
0.14
0.1402
0.1404
0.1406
0.1408
0.141
0.1411
0.1412
0.1412
0.1413
0.1414
0.1415
0.1416
0.1417
0.1417
0.1418
0.1419
0.142
0.1421
0.1422
0.1422
0.1423
0.1424
0.1425
0.1426
0.1426
0.1427
0.1428
0.1429
0.143
0.1427
0.1422
0.1418
0.1413
0.1409
0.1404
0.14
0.1395
0.1391
0.1386
0.1382
0.1377
0.1372
0.1368
0.1363
0.1359
0.1354
0.135
0.1345
0.1341
0.1336
0.1332
0.1327
0.1323
0.1317
0.1309
0.1302
0.1295
0.1287
0.128
0.1272
0.1265
0.1257
0.125
0.1243
0.1235
0.1228
0.122
0.1213
0.1206
0.1198
0.1191
0.1183
0.1176
0.1168
0.1161
0.1154
0.1146
0.1141
0.115
0.1158
0.1166
0.1174
0.1183
0.1191
0.1199
0.1207
0.1216
0.1224
0.1232
0.124
0.1249
0.1257
0.1265
0.1273
0.1282
0.129
0.1298
0.1306
0.1314
0.1323
0.1331
0.1339
0.1333
0.1326
0.1318
0.1311
0.1304
0.1296
0.1289
0.1281
0.1274
0.1267
0.1259
0.1252
0.1244
0.1237
0.1229
0.1222
0.1215
0.1207
0.12
0.1192
0.1185
0.1177
0.117
0.1163
0.1157
0.1153
0.1148
0.1143
0.1139
0.1134
0.113
0.1125
0.1121
0.1116
0.1112
0.1107
0.1103
0.1098
0.1094
0.1089
0.1085
0.108
0.1075
0.1071
0.1066
0.1062
0.1057
0.1053
0.1049
0.1048
0.1046
0.1044
0.1043
0.1041
0.1039
0.1038
0.1036
0.1035
0.1033
0.1031
0.103
0.1028
0.1026
0.1025
0.1023
0.1021
0.102
0.1018
0.1016
0.1015
0.1013
0.1011
0.1011
0.1023
0.1034
0.1046
0.1058
0.1069
0.1081
0.1092
0.1104
0.1115
0.1127
0.1138
0.115
0.1161
0.1173
0.1185
0.1196
0.1208
0.1219
0.1231
0.1242
0.1254
0.1265
0.1277
0.1288
0.1288
0.1285
0.1283
0.128
0.1278
0.1276
0.1273
0.1271
0.1268
0.1266
0.1263
0.1261
0.1258
0.1256
0.1253
0.1251
0.1248
0.1246
0.1243
0.1241
0.1238
0.1236
0.1233
0.1231
0.123
0.1229
0.1228
0.1227
0.1226
0.1225
0.1225
0.1224
0.1223
0.1222
0.1221
0.122
0.122
0.1219
0.1218
0.1217
0.1216
0.1215
0.1215
0.1214
0.1213
0.1212
0.1211
0.1211
0.121
0.1208
0.1207
0.1206
0.1205
0.1203
0.1202
0.1201
0.12
0.1198
0.1197
0.1196
0.1195
0.1194
0.1192
0.1191
0.119
0.1189
0.1187
0.1186
0.1185
0.1184
0.1182
0.1181
0.118
0.1178
0.1176
0.1174
0.1172
0.117
0.1167
0.1165
0.1163
0.1161
0.1159
0.1157
0.1155
0.1153
0.1151
0.1149
0.1147
0.1145
0.1143
0.1141
0.1139
0.1137
0.1135
0.1132
0.113
0.1128
0.1126
0.1124
0.1122
0.112
0.1118
0.1116
0.1114
0.1112
0.111
0.1108
0.1106
0.1104
0.1102
0.1099
0.1097
0.1095
0.1093
0.1091
0.1089
0.1087
0.1085
0.1083
0.1081
0.1081
0.1084
0.1086
0.1089
0.1091
0.1094
0.1096
0.1099
0.1101
0.1104
0.1106
0.1109
0.1111
0.1114
0.1116
0.1118
0.1121
0.1123
0.1126
0.1128
0.1131
0.1133
0.1136
0.1138
0.114
0.1142
0.1144
0.1145
0.1147
0.1149
0.115
0.1152
0.1154
0.1155
0.1157
0.1159
0.116
0.1162
0.1164
0.1165
0.1167
0.1169
0.117
0.1172
0.1173
0.1175
0.1177
0.1178
0.118
0.1177
0.1175
0.1173
0.117
0.1168
0.1165
0.1163
0.116
0.1158
0.1155
0.1153
0.115
0.1148
0.1145
0.1143
0.114
0.1138
0.1135
0.1133
0.113
0.1128
0.1126
0.1123
0.1121
0.1114
0.1106
0.1098
0.109
0.1082
0.1074
0.1066
0.1059
0.1051
0.1043
0.1035
0.1027
0.1019
0.1011
0.1003
0.0995
0.0987
0.0979
0.0971
0.0964
0.0956
0.0948
0.094
0.0932
0.0931
0.0937
0.0943
0.0949
0.0954
0.096
0.0966
0.0972
0.0978
0.0984
0.099
0.0995
0.1001
0.1007
0.1013
0.1019
0.1025
0.103
0.1036
0.1042
0.1048
0.1054
0.106
0.1066
0.1069
0.1065
0.1062
0.1058
0.1054
0.1051
0.1047
0.1043
0.1039
0.1036
0.1032
0.1028
0.1025
0.1021
0.1017
0.1013
0.101
0.1006
0.1002
0.0999
0.0995
0.0991
0.0987
0.0984
0.098
0.0984
0.0989
0.0994
0.0998
0.1003
0.1007
0.1012
0.1016
0.1021
0.1025
0.103
0.1034
0.1039
0.1043
0.1048
0.1052
0.1057
0.1062
0.1066
0.1071
0.1075
0.108
0.1084
0.1089
0.1096
0.1104
0.1111
0.1119
0.1127
0.1135
0.1143
0.115
0.1158
0.1166
0.1174
0.1182
0.119
0.1197
0.1205
0.1213
0.1221
0.1229
0.1237
0.1244
0.1252
0.126
0.1268
0.1276
0.1273
0.1257
0.1242
0.1226
0.121
0.1195
0.1179
0.1163
0.1148
0.1132
0.1117
0.1101
0.1085
0.107
0.1054
0.1038
0.1023
0.1007
0.0992
0.0976
0.096
0.0945
0.0929
0.0913
0.0901
0.0903
0.0906
0.0908
0.091
0.0912
0.0914
0.0916
0.0918
0.092
0.0922
0.0924
0.0926
0.0928
0.093
0.0932
0.0934
0.0936
0.0939
0.0941
0.0943
0.0945
0.0947
0.0949
0.0951
0.095
0.095
0.0949
0.0949
0.0948
0.0948
0.0947
0.0946
0.0946
0.0945
0.0945
0.0944
0.0944
0.0943
0.0942
0.0942
0.0941
0.0941
0.094
0.0939
0.0939
0.0938
0.0938
0.0937
0.0935
0.0933
0.0931
0.0928
0.0926
0.0923
0.0921
0.0919
0.0916
0.0914
0.0911
0.0909
0.0907
0.0904
0.0902
0.09
0.0897
0.0895
0.0892
0.089
0.0888
0.0885
0.0883
0.088
0.0882
0.089
0.0897
0.0904
0.0912
0.0919
0.0927
0.0934
0.0942
0.0949
0.0957
0.0964
0.0972
0.0979
0.0987
0.0994
0.1001
0.1009
0.1016
0.1024
0.1031
0.1039
0.1046
0.1054
0.1059
0.1055
0.1051
0.1047
0.1043
0.1039
0.1035
0.1031
0.1027
0.1023
0.1019
0.1015
0.1011
0.1007
0.1003
0.0999
0.0995
0.0991
0.0987
0.0983
0.0979
0.0975
0.0971
0.0966
0.0962
0.0961
0.0961
0.096
0.0959
0.0959
0.0958
0.0957
0.0957
0.0956
0.0955
0.0955
0.0954
0.0953
0.0953
0.0952
0.0952
0.0951
0.095
0.095
0.0949
0.0948
0.0948
0.0947
0.0946
0.0948
0.095
0.0953
0.0956
0.0958
0.0961
0.0963
0.0966
0.0969
0.0971
0.0974
0.0977
0.0979
0.0982
0.0985
0.0987
0.099
0.0993
0.0995
0.0998
0.1
0.1003
0.1006
0.1008
0.101
0.1008
0.1007
0.1006
0.1004
0.1003
0.1002
0.1001
0.0999
0.0998
0.0997
0.0995
0.0994
0.0993
0.0992
0.099
0.0989
0.0988
0.0987
0.0985
0.0984
0.0983
0.0981
0.098
0.0979
0.0975
0.0971
0.0967
0.0963
0.0959
0.0955
0.0951
0.0947
0.0943
0.0939
0.0935
0.0931
0.0927
0.0923
0.0919
0.0915
0.0911
0.0907
0.0903
0.0899
0.0895
0.0891
0.0887
0.0883
0.0882
0.0883
0.0883
0.0883
0.0884
0.0884
0.0885
0.0885
0.0885
0.0886
0.0886
0.0886
0.0887
0.0887
0.0888
0.0888
0.0888
0.0889
0.0889
0.0889
0.089
0.089
0.089
0.0891
0.0893
0.0895
0.0898
0.0901
0.0903
0.0906
0.0909
0.0912
0.0914
0.0917
0.092
0.0923
0.0925
0.0928
0.0931
0.0933
0.0936
0.0939
0.0942
0.0944
0.0947
0.095
0.0952
0.0955
0.0957
0.0958
0.0959
0.096
0.0961
0.0962
0.0963
0.0964
0.0965
0.0966
0.0967
0.0968
0.0969
0.097
0.0971
0.0972
0.0972
0.0973
0.0974
0.0975
0.0976
0.0977
0.0978
0.0979
0.098
0.0975
0.0969
0.0964
0.0959
0.0954
0.0949
0.0944
0.0938
0.0933
0.0928
0.0923
0.0918
0.0913
0.0908
0.0902
0.0897
0.0892
0.0887
0.0882
0.0877
0.0871
0.0866
0.0861
0.0856
0.0857
0.0859
0.0861
0.0863
0.0865
0.0867
0.087
0.0872
0.0874
0.0876
0.0878
0.088
0.0882
0.0885
0.0887
0.0889
0.0891
0.0893
0.0895
0.0897
0.09
0.0902
0.0904
0.0906
0.0906
0.0905
0.0904
0.0902
0.0901
0.09
0.0899
0.0897
0.0896
0.0895
0.0894
0.0892
0.0891
0.089
0.0888
0.0887
0.0886
0.0885
0.0883
0.0882
0.0881
0.0879
0.0878
0.0877
0.0875
0.0873
0.0871
0.0868
0.0866
0.0864
0.0861
0.0859
0.0857
0.0855
0.0852
0.085
0.0848
0.0845
0.0843
0.0841
0.0838
0.0836
0.0834
0.0831
0.0829
0.0827
0.0825
0.0822
0.082
0.0821
0.0822
0.0824
0.0825
0.0826
0.0827
0.0829
0.083
0.0831
0.0832
0.0834
0.0835
0.0836
0.0837
0.0839
0.084
0.0841
0.0842
0.0844
0.0845
0.0846
0.0847
0.0848
0.085
0.0852
0.0854
0.0856
0.0858
0.086
0.0862
0.0864
0.0866
0.0868
0.087
0.0872
0.0874
0.0876
0.0878
0.088
0.0882
0.0884
0.0886
0.0888
0.089
0.0892
0.0894
0.0896
0.0898
0.0898
0.0897
0.0896
0.0894
0.0893
0.0892
0.089
0.0889
0.0887
0.0886
0.0885
0.0883
0.0882
0.0881
0.0879
0.0878
0.0877
0.0875
0.0874
0.0872
0.0871
0.087
0.0868
0.0867
0.0866
0.0865
0.0865
0.0865
0.0864
0.0864
0.0863
0.0863
0.0862
0.0862
0.0861
0.0861
0.086
0.086
0.086
0.0859
0.0859
0.0858
0.0858
0.0857
0.0857
0.0856
0.0856
0.0855
0.0855
0.0858
0.0861
0.0864
0.0867
0.0871
0.0874
0.0877
0.088
0.0883
0.0886
0.0889
0.0893
0.0896
0.0899
0.0902
0.0905
0.0908
0.0911
0.0914
0.0918
0.0921
0.0924
0.0927
0.093
0.0928
0.0925
0.0921
0.0918
0.0914
0.0911
0.0907
0.0904
0.09
0.0897
0.0893
0.089
0.0886
0.0883
0.0879
0.0876
0.0872
0.0869
0.0865
0.0862
0.0858
0.0855
0.0851
0.0848
0.0844
0.0841
0.0837
0.0834
0.083
0.0827
0.0823
0.082
0.0816
0.0813
0.0809
0.0806
0.0802
0.0799
0.0795
0.0792
0.0788
0.0785
0.0781
0.0778
0.0774
0.0771
0.0767
0.0764
0.0761
0.0763
0.0765
0.0766
0.0768
0.0769
0.0771
0.0773
0.0774
0.0776
0.0777
0.0779
0.0781
0.0782
0.0784
0.0785
0.0787
0.0789
0.079
0.0792
0.0793
0.0795
0.0797
0.0798
0.08
0.0803
0.0806
0.0809
0.0812
0.0815
0.0819
0.0822
0.0825
0.0828
0.0831
0.0834
0.0837
0.0841
0.0844
0.0847
0.085
0.0853
0.0856
0.0859
0.0862
0.0866
0.0869
0.0872
0.0875
0.0873
0.0867
0.0862
0.0857
0.0852
0.0847
0.0842
0.0837
0.0832
0.0827
0.0821
0.0816
0.0811
0.0806
0.0801
0.0796
0.0791
0.0786
0.0781
0.0775
0.077
0.0765
0.076
0.0755
0.0753
0.0756
0.0759
0.0763
0.0766
0.0769
0.0772
0.0775
0.0778
0.0781
0.0784
0.0787
0.079
0.0793
0.0797
0.08
0.0803
0.0806
0.0809
0.0812
0.0815
0.0818
0.0821
0.0824
0.0827
0.0826
0.0825
0.0824
0.0824
0.0823
0.0822
0.0821
0.082
0.0819
0.0819
0.0818
0.0817
0.0816
0.0815
0.0815
0.0814
0.0813
0.0812
0.0811
0.081
0.081
0.0809
0.0808
0.0807
0.0806
0.0804
0.0802
0.08
0.0799
0.0797
0.0795
0.0794
0.0792
0.079
0.0789
0.0787
0.0785
0.0784
0.0782
0.078
0.0778
0.0777
0.0775
0.0773
0.0772
0.077
0.0768
0.0767
0.0766
0.0767
0.0767
0.0768
0.0768
0.0769
0.0769
0.0769
0.077
0.077
0.0771
0.0771
0.0772
0.0772
0.0773
0.0773
0.0774
0.0774
0.0774
0.0775
0.0775
0.0776
0.0776
0.0777
0.0778
0.078
0.0783
0.0785
0.0787
0.079
0.0792
0.0794
0.0797
0.0799
0.0801
0.0804
0.0806
0.0808
0.0811
0.0813
0.0815
0.0818
0.082
0.0822
0.0825
0.0827
0.083
0.0832
0.0834
0.083
0.0827
0.0823
0.082
0.0816
0.0813
0.0809
0.0806
0.0802
0.0799
0.0795
0.0792
0.0788
0.0785
0.0781
0.0778
0.0774
0.0771
0.0767
0.0764
0.076
0.0757
0.0753
0.075
0.0749
0.0749
0.0749
0.0749
0.0749
0.0749
0.0748
0.0748
0.0748
0.0748
0.0748
0.0748
0.0748
0.0748
0.0748
0.0748
0.0748
0.0748
0.0747
0.0747
0.0747
0.0747
0.0747
0.0747
0.0748
0.075
0.0752
0.0754
0.0756
0.0758
0.0759
0.0761
0.0763
0.0765
0.0767
0.0769
0.0771
0.0773
0.0775
0.0777
0.0778
0.078
0.0782
0.0784
0.0786
0.0788
0.079
0.0792
0.0793
0.0792
0.0791
0.0791
0.079
0.0789
0.0788
0.0788
0.0787
0.0786
0.0785
0.0785
0.0784
0.0783
0.0782
0.0782
0.0781
0.078
0.0779
0.0779
0.0778
0.0777
0.0776
0.0776
0.0775
0.0776
0.0777
0.0779
0.078
0.0781
0.0782
0.0783
0.0785
0.0786
0.0787
0.0788
0.0789
0.0791
0.0792
0.0793
0.0794
0.0795
0.0797
0.0798
0.0799
0.08
0.0801
0.0803
0.0804
0.0805
0.0807
0.0808
0.0809
0.0811
0.0812
0.0814
0.0815
0.0816
0.0818
0.0819
0.0821
0.0822
0.0823
0.0825
0.0826
0.0828
0.0829
0.083
0.0832
0.0833
0.0835
0.0836
0.0837
0.0836
0.0831
0.0826
0.0822
0.0817
0.0813
0.0808
0.0804
0.0799
0.0794
0.079
0.0785
0.0781
0.0776
0.0772
0.0767
0.0762
0.0758
0.0753
0.0749
0.0744
0.0739
0.0735
0.073
0.0727
0.0729
